0	3
1	0.17302541
2	2.4279972
3	2.4279972
4	2.4279972
5	2.4279972
6	4.2088408
7	4.2088408
8	3.8322054
9	3.8797145
10	3.8797145
11	3.8797145
12	3.4783449
13	3.4783449
14	4.3393967
15	5.2719496
16	5.2719496
17	5.2719496
18	5.2719496
19	5.2719496
20	5.2719496
21	5.8628053
22	5.0274261
23	5.0274261
24	5.0274261
25	4.5995787
26	5.4021865
27	5.2183624
28	5.9964439
29	5.9964439
30	5.588045
31	5.588045
32	5.075333
33	5.9696256
34	5.3498296
35	5.4584775
36	4.840737
37	4.840737
38	4.840737
39	3.6061753
40	4.1702234
41	4.1702234
42	4.1702234
43	4.1702234
44	3.5706242
45	5.5278313
46	5.6691005
47	5.6691005
48	5.7544024
49	5.1163373
50	5.6858893
51	5.4719499
52	5.4719499
53	5.3557073
54	5.1996067
55	5.1996067
56	5.8876006
57	5.8876006
58	5.9455408
59	5.9525697
60	5.650698
61	5.9051411
62	5.9976249
63	5.9976249
64	5.9976249
65	5.9976249
66	5.9976249
67	5.9976249
68	5.913412
69	5.913412
70	5.913412
71	5.2166757
72	4.7494218
73	4.7494218
74	3.9581692
75	5.7572943
76	5.7572943
77	5.7572943
78	5.7572943
79	5.3000475
80	5.9304232
81	3.9888179
82	3.9888179
83	3.9888179
84	4.6136138
85	4.6136138
86	4.6136138
87	4.6136138
88	4.6136138
89	4.6136138
90	4.5791244
91	4.5791244
92	4.5791244
93	4.5791244
94	4.893983
95	4.893983
96	5.2355352
97	3.9405495
98	3.9405495
99	3.9405495
100	4.7275219
101	5.9330886
102	5.1117749
103	5.9188962
104	4.8233809
105	4.8233809
106	4.8163043
107	4.8163043
108	5.9416786
109	5.9416786
110	5.2850587
111	3.6509165
112	3.6509165
113	4.5291677
114	4.5291677
115	5.496433
116	5.7686841
117	5.7686841
118	5.9675563
119	5.2472957
120	5.2472957
121	5.2472957
122	5.2472957
123	5.9468541
124	5.9468541
125	5.3501445
126	5.3501445
127	5.2527881
128	5.2527881
129	5.2527881
130	5.7456406
131	5.6741573
132	5.6741573
133	5.5993473
134	5.5993473
135	5.8424899
136	5.8773396
137	5.8773396
138	5.2710129
139	5.2710129
140	5.2710129
141	5.2710129
142	5.3580123
143	3.8772762
144	3.8772762
145	4.7149587
146	3.1732045
147	5.280282
148	4.8194851
149	4.8194851
150	4.8194851
151	4.8194851
152	4.5986304
153	5.2986756
154	4.619375
155	5.870567
156	5.870567
157	5.870567
158	5.870567
159	5.870567
160	5.870567
161	5.870567
162	5.870567
163	5.870567
164	4.5482089
165	4.5482089
166	4.5482089
167	5.6776672
168	5.6776672
169	5.6776672
170	4.6965567
171	4.6465475
172	5.4809212
173	5.8860487
174	5.4608712
175	5.3610883
176	4.7154677
177	4.2701245
178	4.4298901
179	4.5831701
180	5.1905455
181	5.0469883
182	5.6803277
183	5.6803277
184	5.6803277
185	5.6803277
186	5.4820957
187	5.0599366
188	5.0599366
189	5.6510284
190	5.6510284
191	5.6510284
192	5.6510284
193	5.6510284
194	5.4113254
195	4.1898057
196	5.3547262
197	5.3547262
198	5.3547262
199	5.5166148
200	5.5813858
201	5.7281578
202	5.7571158
203	5.9195101
204	5.9387858
205	5.7345624
206	5.7345624
207	5.9995179
208	5.569425
209	5.569425
210	5.2695925
211	5.2695925
212	5.2695925
213	5.2695925
214	5.0094886
215	5.0094886
216	5.0094886
217	5.0094886
218	5.0094886
219	5.4195691
220	5.4195691
221	5.9366074
222	5.9366074
223	5.9366074
224	5.9366074
225	5.9366074
226	5.9366074
227	5.9296766
228	5.9296766
229	5.5499046
230	5.5834967
231	5.5834967
232	5.7101884
233	5.7101884
234	5.111464
235	4.6049793
236	5.3454165
237	5.7511251
238	5.7511251
239	5.7511251
240	5.3304018
241	4.8354711
242	4.8354711
243	4.8354711
244	5.7013564
245	5.7013564
246	5.7013564
247	5.7013564
248	5.7013564
249	4.3935629
250	4.3935629
251	4.3935629
252	4.3935629
253	4.3935629
254	5.9424695
255	4.8199895
256	4.8199895
257	4.8199895
258	5.8884958
259	5.3837054
260	5.8074342
261	5.8074342
262	5.8074342
263	5.8096245
264	5.8096245
265	5.8096245
266	3.8518333
267	3.8518333
268	3.8518333
269	5.6897062
270	5.2243568
271	5.2178752
272	5.2178752
273	5.2178752
274	5.9539027
275	5.7951769
276	5.7951769
277	5.7951769
278	5.6784781
279	5.6784781
280	5.6784781
281	5.6784781
282	5.6784781
283	5.6784781
284	5.3651441
285	5.3651441
286	5.3728923
287	5.8990761
288	5.8990761
289	5.5356144
290	5.2725127
291	5.2725127
292	5.2725127
293	5.1291809
294	4.5886381
295	4.4847611
296	4.4847611
297	5.9574259
298	5.6817408
299	5.9528204
300	5.4722553
301	5.53144
302	5.3184543
303	5.5432038
304	5.5432038
305	5.5432038
306	5.5432038
307	5.8927931
308	5.8927931
309	5.8927931
310	5.2005145
311	5.0854215
312	5.0854215
313	3.5133598
314	5.582077
315	5.582077
316	4.7932439
317	4.7932439
318	4.7932439
319	4.8748401
320	5.7120766
321	5.7120766
322	5.7120766
323	5.8547452
324	5.8547452
325	5.2865563
326	5.1153815
327	5.3671665
328	5.3671665
329	5.1008807
330	5.1008807
331	4.9209478
332	4.3076535
333	5.7129901
334	5.1277028
335	5.1277028
336	5.1277028
337	5.1450824
338	5.8794442
339	5.8794442
340	4.7746122
341	5.4456462
342	5.4456462
343	5.9260879
344	5.8849322
345	5.8849322
346	5.8849322
347	5.8849322
348	4.8954601
349	4.8953904
350	4.8953904
351	5.0748816
352	5.0748816
353	5.0748816
354	5.0748816
355	5.8760168
356	5.9256612
357	5.9488906
358	5.9488906
359	4.7678329
360	5.5763922
361	5.5763922
362	5.5763922
363	5.5763922
364	5.9816401
365	5.9816401
366	5.9816401
367	5.5797062
368	5.5797062
369	5.2442873
370	5.2442873
371	5.2442873
372	5.6668801
373	5.6668801
374	5.6668801
375	5.6879415
376	5.8492332
377	5.5589703
378	5.8037597
379	5.9129603
380	5.3645542
381	5.3645542
382	5.3645542
383	5.3645542
384	5.3645542
385	5.4728359
386	5.6806366
387	5.9502629
388	5.9502629
389	5.716006
390	5.716006
391	5.2933075
392	5.4603
393	5.699314
394	5.699314
395	5.699314
396	5.699314
397	4.5676986
398	4.1408793
399	5.8345434
400	5.3382642
401	5.3382642
402	5.9915038
403	5.0052915
404	4.6711992
405	4.6711992
406	4.6711992
407	5.9142412
408	5.9142412
409	4.4142155
410	4.4142155
411	4.4142155
412	5.2144217
413	5.9176214
414	5.3210175
415	5.6637293
416	4.6262781
417	4.6262781
418	4.5203257
419	4.5203257
420	4.198673
421	5.2341667
422	5.2341667
423	5.5948288
424	5.8869451
425	5.8869451
426	4.150865
427	5.8076796
428	5.8076796
429	5.3511655
430	5.1210179
431	5.1210179
432	5.6809666
433	5.742933
434	5.5659622
435	5.5659622
436	5.5659622
437	5.9345619
438	5.9345619
439	5.8502614
440	5.4827264
441	5.8950029
442	5.8759095
443	5.8759095
444	5.9399812
445	5.9399812
446	5.8657886
447	5.2515225
448	4.9659503
449	4.9659503
450	4.9659503
451	5.6297307
452	5.1514577
453	5.1917757
454	5.1917757
455	5.1917757
456	5.1917757
457	4.5517703
458	3.9149093
459	3.9149093
460	3.9149093
461	3.9149093
462	3.9149093
463	3.9149093
464	4.8659048
465	3.4936163
466	3.4936163
467	3.8872937
468	4.3109614
469	4.3109614
470	4.3109614
471	5.3044816
472	5.3044816
473	5.1795306
474	5.4585492
475	4.9645048
476	4.9645048
477	4.0835773
478	4.0835773
479	5.0717582
480	5.0717582
481	5.0717582
482	5.0717582
483	5.8827549
484	5.8135902
485	5.8135902
486	5.8135902
487	5.6944024
488	5.2461319
489	5.2461319
490	5.2461319
491	5.2461319
492	5.9038346
493	5.8415478
494	5.8415478
495	5.7188777
496	5.509274
497	5.9283505
498	4.9495625
499	4.9495625
500	4.3453031
501	4.5725206
502	2.57475
503	2.57475
504	2.57475
505	4.6666238
506	5.9679841
507	5.9679841
508	5.9679841
509	5.1341499
510	5.1341499
511	5.1341499
512	5.3731674
513	5.3731674
514	5.7112939
515	4.8739103
516	5.3329891
517	5.6348243
518	5.7503443
519	5.7616401
520	5.7616401
521	5.7616401
522	5.8389049
523	5.0175773
524	5.0175773
525	5.9474245
526	5.8226111
527	5.8226111
528	4.3139033
529	5.6957767
530	5.6957767
531	5.9265415
532	5.9265415
533	5.9265415
534	5.9265415
535	5.9265415
536	5.1031415
537	4.9056669
538	5.5108469
539	5.7512071
540	5.7512071
541	5.7512071
542	5.9729668
543	5.9729668
544	5.9729668
545	5.5986438
546	5.5986438
547	5.6369532
548	5.6369532
549	5.6369532
550	5.6369532
551	5.6294838
552	5.6294838
553	5.6294838
554	4.0672325
555	3.3581706
556	3.1589336
557	3.1589336
558	3.1589336
559	3.1589336
560	2.8002944
561	2.8002944
562	2.8002944
563	4.6622503
564	4.6622503
565	5.7992709
566	5.7992709
567	5.3756152
568	5.4752282
569	5.4752282
570	5.9830701
571	5.6612919
572	5.0869117
573	5.1085935
574	5.7437645
575	5.9784699
576	5.7213225
577	5.7213225
578	5.4005769
579	5.4005769
580	5.671246
581	4.9570885
582	5.9484351
583	5.4028487
584	5.0240765
585	5.214273
586	5.214273
587	5.214273
588	5.2377149
589	5.4949811
590	5.4949811
591	5.4949811
592	5.4949811
593	5.6345527
594	5.6345527
595	5.9186424
596	5.9186424
597	5.3597566
598	4.8400882
599	5.7338973
600	5.6774216
601	5.6774216
602	5.7858063
603	5.2846725
604	5.2846725
605	5.2846725
606	5.2846725
607	5.0996942
608	5.9553735
609	5.8047234
610	5.8047234
611	5.8047234
612	5.6832146
613	5.6832146
614	5.6832146
615	5.9216741
616	5.9216741
617	5.9216741
618	5.729446
619	5.8498319
620	5.0674133
621	4.8453136
622	4.8453136
623	4.8453136
624	4.7075399
625	5.7326994
626	5.7326994
627	5.6564348
628	5.6564348
629	5.5960125
630	5.5960125
631	5.591072
632	5.591072
633	5.591072
634	5.591072
635	5.591072
636	5.591072
637	5.591072
638	5.591072
639	5.6782934
640	5.6782934
641	5.0645315
642	5.4339737
643	5.4339737
644	5.4339737
645	5.3956972
646	5.3956972
647	4.6731965
648	4.977444
649	3.5788637
650	3.8468334
651	3.8468334
652	5.0252899
653	5.9687615
654	5.9687615
655	5.4549971
656	5.4549971
657	5.6044332
658	5.6044332
659	5.7667587
660	5.9579586
661	5.9579586
662	5.9579586
663	5.9579586
664	5.9579586
665	5.9579586
666	5.9579586
667	5.9579586
668	4.507293
669	4.6896354
670	5.9929112
671	5.9929112
672	5.4537479
673	5.9968926
674	5.9968926
675	5.7221223
676	5.7221223
677	5.1740005
678	5.7770694
679	5.8744605
680	5.8744605
681	5.8744605
682	5.8744605
683	5.2970182
684	5.348479
685	5.348479
686	5.348479
687	5.6580876
688	5.6580876
689	5.8182289
690	5.8182289
691	5.8182289
692	5.8182289
693	5.8182289
694	5.7350739
695	5.7350739
696	5.7350739
697	5.7350739
698	5.7981629
699	5.7981629
700	5.7981629
701	5.7981629
702	5.7127549
703	5.7127549
704	5.7127549
705	5.6583857
706	5.4804225
707	5.8668869
708	5.8668869
709	5.2091271
710	5.723595
711	5.7388905
712	5.7388905
713	5.8786058
714	5.8786058
715	5.8786058
716	5.1539134
717	4.2450614
718	4.2450614
719	4.2450614
720	4.2450614
721	5.1491871
722	5.3960206
723	5.3960206
724	5.3960206
725	5.925289
726	4.785056
727	5.0224131
728	5.8045751
729	5.1180127
730	5.4121281
731	5.0637185
732	5.0637185
733	5.2848405
734	5.2848405
735	5.2848405
736	5.6588981
737	5.6588981
738	5.6588981
739	5.3634871
740	5.7289731
741	5.7808539
742	5.6550602
743	5.3296048
744	5.8475865
745	4.6336696
746	5.0912891
747	5.0912891
748	5.0912891
749	5.1265235
750	4.8768528
751	4.8768528
752	5.4339496
753	5.7563241
754	5.8858672
755	5.3696523
756	5.6232416
757	5.6232416
758	5.6232416
759	5.6232416
760	5.9333637
761	4.7542772
762	5.8624636
763	5.6148338
764	5.6148338
765	5.6148338
766	5.048309
767	5.048309
768	4.7017111
769	4.7017111
770	4.7017111
771	4.7017111
772	5.1871031
773	5.163304
774	5.163304
775	5.0469994
776	5.6666727
777	5.5284775
778	5.5284775
779	5.5284775
780	5.6632166
781	5.4687386
782	5.4687386
783	5.9990789
784	5.8176844
785	5.8176844
786	5.0595829
787	5.0595829
788	5.6714971
789	5.6714971
790	5.299879
791	5.3084627
792	5.3084627
793	5.3084627
794	5.3084627
795	5.3084627
796	5.2765354
797	5.8740236
798	5.8740236
799	5.4008097
800	5.3033031
801	5.3033031
802	4.1345059
803	4.1345059
804	4.1345059
805	4.1345059
806	4.1345059
807	4.1345059
808	4.1345059
809	4.1345059
810	4.9678783
811	4.4017668
812	4.4017668
813	3.3677337
814	3.961119
815	3.961119
816	4.0680045
817	4.0680045
818	4.0680045
819	4.0026732
820	4.5522375
821	4.2728377
822	5.2494572
823	4.9452475
824	5.9670711
825	5.6108124
826	5.6108124
827	5.6108124
828	5.4416723
829	5.6219749
830	5.568828
831	5.9353881
832	5.9353881
833	5.6860736
834	5.6860736
835	5.6860736
836	5.605424
837	5.605424
838	5.9421161
839	5.9421161
840	5.6102961
841	5.8526837
842	5.8526837
843	5.8526837
844	5.8526837
845	5.4181931
846	5.4181931
847	5.4181931
848	5.9343109
849	5.954362
850	5.954362
851	5.954362
852	5.6486243
853	5.8753046
854	5.8753046
855	5.9455156
856	5.9455156
857	5.9455156
858	5.9455156
859	5.8401499
860	5.584326
861	5.3633186
862	5.3633186
863	5.4055707
864	4.2910467
865	4.2910467
866	4.2910467
867	5.8038367
868	5.8038367
869	5.8038367
870	5.8038367
871	5.2358622
872	5.2358622
873	5.4586888
874	4.131445
875	4.131445
876	4.131445
877	4.9523469
878	5.4248608
879	5.3309698
880	5.3309698
881	5.3309698
882	5.3309698
883	5.3309698
884	5.486034
885	5.486034
886	5.8894117
887	5.7293628
888	5.3990383
889	5.3990383
890	5.3990383
891	5.2228382
892	5.2228382
893	4.4058714
894	4.4058714
895	4.4058714
896	4.4058714
897	4.4058714
898	4.4058714
899	4.4058714
900	4.4058714
901	5.0151605
902	5.0151605
903	5.032944
904	5.032944
905	5.032944
906	5.032944
907	4.4376772
908	5.5489929
909	5.5489929
910	4.562303
911	4.1871515
912	5.0134415
913	4.2875806
914	4.8251383
915	4.8251383
916	3.8111959
917	3.8111959
918	3.8111959
919	3.8111959
920	4.9419346
921	4.9419346
922	3.5047097
923	3.5047097
924	3.9319686
925	3.9319686
926	5.8049112
927	5.8994385
928	5.8994385
929	5.1556052
930	5.1556052
931	4.84738
932	4.9899774
933	4.9899774
934	5.1452253
935	5.8421845
936	5.208179
937	5.7893308
938	5.7893308
939	5.588766
940	5.9680436
941	5.6936317
942	5.6936317
943	5.5791214
944	5.5791214
945	4.5322158
946	5.0033448
947	5.0033448
948	5.8336726
949	5.8336726
950	5.8336726
951	5.8336726
952	5.8336726
953	5.4361898
954	5.4361898
955	5.4361898
956	5.3187586
957	5.8087518
958	5.8087518
959	4.2576876
960	4.2576876
961	4.2576876
962	5.2481521
963	5.2481521
964	5.2481521
965	5.4885105
966	5.7855949
967	5.7855949
968	5.7855949
969	5.6626964
970	4.2271931
971	4.2271931
972	4.2271931
973	5.3314455
974	5.3663307
975	5.3663307
976	5.3663307
977	5.2192497
978	5.9701621
979	5.9620077
980	5.9620077
981	5.9620077
982	5.9620077
983	5.5725248
984	5.8867077
985	5.8867077
986	5.8867077
987	4.7864536
988	3.3496025
989	2.6080178
990	2.9272667
991	4.6224389
992	4.6224389
993	5.2270314
994	5.2270314
995	5.3988579
996	5.3988579
997	5.4954739
998	5.4954739
999	5.4954739
1000	4.4807882
1001	3.1016873
1002	3.1016873
1003	3.1016873
1004	3.6244912
1005	4.6461572
1006	5.9373075
1007	5.9373075
1008	5.9845219
1009	5.4852432
1010	5.9610575
1011	5.2726112
1012	5.2726112
1013	5.2726112
1014	5.2726112
1015	5.2726112
1016	5.2726112
1017	5.6180194
1018	5.9771132
1019	5.5843748
1020	5.5843748
1021	5.4075398
1022	5.7298911
1023	5.8300797
1024	5.8300797
1025	5.744532
1026	5.8174647
1027	5.7796837
1028	4.9909253
1029	4.9909253
1030	4.9909253
1031	5.736899
1032	5.736899
1033	5.736899
1034	5.736899
1035	5.736899
1036	5.736899
1037	5.736899
1038	5.710688
1039	5.710688
1040	5.710688
1041	5.710688
1042	5.7553111
1043	5.7553111
1044	5.7553111
1045	5.7553111
1046	5.2130881
1047	5.7465259
1048	4.419559
1049	5.3175817
1050	4.7819982
1051	5.7726946
1052	5.7726946
1053	5.350228
1054	5.350228
1055	5.350228
1056	5.350228
1057	4.3624173
1058	5.6015564
1059	5.6015564
1060	5.6861956
1061	5.9738448
1062	5.9738448
1063	5.9738448
1064	5.9687247
1065	5.9687247
1066	5.9687247
1067	5.9687247
1068	5.9687247
1069	5.7007051
1070	5.8131559
1071	5.8131559
1072	5.8131559
1073	5.8131559
1074	5.8131559
1075	4.6224763
1076	5.0075742
1077	5.0075742
1078	5.4774427
1079	5.5687002
1080	5.5687002
1081	5.884325
1082	5.884325
1083	5.8769482
1084	5.6149034
1085	5.6149034
1086	5.6149034
1087	5.6149034
1088	5.6149034
1089	5.6149034
1090	5.6149034
1091	5.0966154
1092	5.890932
1093	5.9671318
1094	5.9671318
1095	5.9671318
1096	5.9671318
1097	5.7330663
1098	5.7330663
1099	5.8755875
1100	5.8755875
1101	5.8755875
1102	5.6270179
1103	5.6270179
1104	3.956207
1105	4.5032565
1106	4.5032565
1107	4.5032565
1108	4.5032565
1109	4.5032565
1110	4.8690325
1111	4.8690325
1112	4.8690325
1113	4.8690325
1114	4.8690325
1115	4.8690325
1116	4.8690325
1117	5.0262995
1118	5.6335653
1119	5.2577825
1120	5.4193875
1121	5.4193875
1122	5.5462665
1123	4.8733851
1124	4.8733851
1125	5.586225
1126	5.9765996
1127	5.460721
1128	5.460721
1129	5.460721
1130	5.460721
1131	5.5092473
1132	5.5092473
1133	5.5092473
1134	5.4149499
1135	5.4149499
1136	5.4149499
1137	5.4597366
1138	5.6839767
1139	5.8311968
1140	5.8311968
1141	5.975693
1142	5.975693
1143	5.5114444
1144	5.9828182
1145	5.9828182
1146	5.9828182
1147	5.9828182
1148	5.7172464
1149	5.7172464
1150	5.7172464
1151	5.7172464
1152	5.7445365
1153	5.4451921
1154	5.4451921
1155	5.4451921
1156	5.3607003
1157	5.0781889
1158	4.7666403
1159	5.1682741
1160	5.1682741
1161	5.1682741
1162	4.7330797
1163	4.7330797
1164	4.7330797
1165	4.7330797
1166	4.7330797
1167	4.7330797
1168	4.7330797
1169	4.7330797
1170	5.3062647
1171	5.7002213
1172	5.7002213
1173	5.0630717
1174	5.0630717
1175	5.6654349
1176	5.6654349
1177	5.6654349
1178	5.87529
1179	5.87529
1180	5.87529
1181	4.8800497
1182	4.8000835
1183	4.7061078
1184	4.7061078
1185	4.9578526
1186	4.9578526
1187	5.4120546
1188	5.4120546
1189	5.6669969
1190	5.6669969
1191	5.2562956
1192	5.2562956
1193	5.2562956
1194	5.825833
1195	5.6552602
1196	5.6552602
1197	5.3636888
1198	5.3636888
1199	4.4206343
1200	5.8908001
1201	5.8908001
1202	5.8908001
1203	5.8908001
1204	5.2309233
1205	4.862346
1206	5.2946534
1207	4.3962365
1208	4.7926955
1209	4.7926955
1210	4.7926955
1211	2.7219236
1212	5.2434464
1213	5.3781653
1214	5.3781653
1215	5.2552731
1216	5.2552731
1217	5.6561263
1218	5.6561263
1219	5.6561263
1220	4.3468984
1221	4.3468984
1222	5.346109
1223	5.346109
1224	5.346109
1225	5.0399874
1226	5.586721
1227	5.3897726
1228	5.8722138
1229	5.7778628
1230	5.3814515
1231	5.3814515
1232	5.5308887
1233	4.7323054
1234	4.7323054
1235	4.7323054
1236	4.7323054
1237	4.7101494
1238	3.1472277
1239	3.1472277
1240	4.9054897
1241	4.9054897
1242	3.692883
1243	3.692883
1244	3.692883
1245	4.450274
1246	4.0108461
1247	4.0108461
1248	4.0108461
1249	3.5899572
1250	3.5899572
1251	5.1926422
1252	5.1926422
1253	5.6476108
1254	5.6476108
1255	5.6476108
1256	5.6476108
1257	5.6476108
1258	5.7646405
1259	5.301593
1260	5.301593
1261	5.301593
1262	5.0967911
1263	5.0967911
1264	5.0967911
1265	5.0967911
1266	5.0967911
1267	5.9846654
1268	5.9345345
1269	5.9345345
1270	5.2059836
1271	5.2059836
1272	5.7629144
1273	5.7629144
1274	5.7629144
1275	5.7629144
1276	5.7629144
1277	5.2077389
1278	4.6960985
1279	4.6960985
1280	4.5470354
1281	3.6085815
1282	4.6042269
1283	3.7527744
1284	5.2109716
1285	5.2109716
1286	5.2109716
1287	5.9064594
1288	5.959204
1289	5.959204
1290	5.8924961
1291	5.5089736
1292	5.5089736
1293	5.5089736
1294	5.5089736
1295	5.5089736
1296	5.5089736
1297	5.7159263
1298	5.7159263
1299	5.5089617
1300	5.9054291
1301	4.5275379
1302	4.4537249
1303	5.4701016
1304	5.4701016
1305	5.4701016
1306	4.9493712
1307	5.0904384
1308	5.0904384
1309	4.5029164
1310	3.9867879
1311	5.17062
1312	5.4749272
1313	5.9474677
1314	5.9760511
1315	5.8218943
1316	5.9079476
1317	5.9079476
1318	5.7983005
1319	5.7983005
1320	5.5615371
1321	5.5615371
1322	5.5615371
1323	5.3589619
1324	5.0557795
1325	5.210515
1326	5.210515
1327	5.210515
1328	5.210515
1329	4.9477241
1330	4.6800377
1331	4.6800377
1332	3.4316051
1333	3.4316051
1334	3.4316051
1335	2.8447136
1336	3.1014948
1337	4.730147
1338	4.730147
1339	4.730147
1340	4.730147
1341	4.730147
1342	4.4460487
1343	4.4460487
1344	4.4460487
1345	4.4460487
1346	5.6391721
1347	5.6391721
1348	3.8968508
1349	3.8968508
1350	4.8845519
1351	4.5052269
1352	4.5052269
1353	4.5052269
1354	2.9724648
1355	3.6905662
1356	3.6905662
1357	3.6905662
1358	3.6905662
1359	5.0174204
1360	5.0174204
1361	5.0174204
1362	4.6157971
1363	4.6157971
1364	4.6157971
1365	4.6157971
1366	4.6157971
1367	5.4518844
1368	5.6908118
1369	4.5259051
1370	4.5259051
1371	5.8532856
1372	5.8532856
1373	5.8532856
1374	5.4180872
1375	5.4180872
1376	5.4180872
1377	4.7909799
1378	4.6118794
1379	5.070649
1380	5.070649
1381	5.070649
1382	5.070649
1383	5.3565982
1384	5.3565982
1385	5.1125059
1386	5.017351
1387	5.017351
1388	5.5811069
1389	5.6932433
1390	5.6932433
1391	5.8032874
1392	4.7289184
1393	4.7289184
1394	5.5510886
1395	5.7604409
1396	5.7604409
1397	5.8425737
1398	5.8425737
1399	5.8425737
1400	5.1962292
1401	5.3463604
1402	5.3463604
1403	5.3463604
1404	5.3463604
1405	5.8235001
1406	5.8235001
1407	5.5720934
1408	5.5720934
1409	5.5720934
1410	5.190861
1411	5.190861
1412	5.190861
1413	4.8041731
1414	3.8836008
1415	3.8836008
1416	4.2400149
1417	3.7260073
1418	4.762382
1419	4.762382
1420	3.6171417
1421	3.6171417
1422	3.6171417
1423	4.987253
1424	4.987253
1425	5.5558521
1426	5.3255171
1427	5.7357577
1428	5.7357577
1429	5.853153
1430	5.853153
1431	5.853153
1432	5.8648562
1433	5.8648562
1434	5.8648562
1435	4.0122388
1436	4.0122388
1437	4.0122388
1438	5.6047974
1439	5.4066946
1440	5.5435099
1441	5.5435099
1442	5.9837306
1443	5.9837306
1444	5.9108015
1445	5.4406853
1446	5.4406853
1447	5.9276391
1448	5.9276391
1449	5.4708528
1450	5.2043309
1451	5.7593161
1452	5.9590085
1453	5.9590085
1454	5.9590085
1455	5.9745874
1456	5.9677138
1457	5.9677138
1458	5.9677138
1459	5.9677138
1460	5.8514333
1461	5.1734664
1462	5.1734664
1463	5.9720935
1464	5.9720935
1465	5.0006764
1466	5.1095091
1467	5.1095091
1468	5.1095091
1469	5.1192931
1470	5.1192931
1471	4.9649938
1472	4.9649938
1473	4.9649938
1474	5.1678295
1475	4.3963601
1476	5.3360307
1477	5.3360307
1478	5.7237748
1479	5.7237748
1480	5.7237748
1481	5.7237748
1482	5.7237748
1483	5.7237748
1484	5.7237748
1485	4.9019161
1486	4.9019161
1487	5.7873954
1488	5.7873954
1489	5.7873954
1490	5.7873954
1491	5.6196324
1492	5.5765169
1493	4.8885584
1494	4.8885584
1495	4.8885584
1496	4.8885584
1497	3.4787476
1498	3.4787476
1499	5.078021
1500	5.078021
1501	5.1757126
1502	5.6855609
1503	5.4577831
1504	4.6631323
1505	4.6631323
1506	5.0896479
1507	5.0979247
1508	5.5851971
1509	5.1515752
1510	5.9778034
1511	5.9778034
1512	5.9778034
1513	5.9778034
1514	5.9778034
1515	5.9778034
1516	5.9778034
1517	5.8402241
1518	5.8402241
1519	5.6613444
1520	5.6613444
1521	5.6613444
1522	5.6506843
1523	5.5406717
1524	5.5406717
1525	5.5406717
1526	5.53669
1527	5.53669
1528	5.53669
1529	5.53669
1530	5.53669
1531	5.2058855
1532	5.6732262
1533	5.7321911
1534	5.8962589
1535	5.8962589
1536	5.8962589
1537	3.6381879
1538	3.6381879
1539	3.6381879
1540	3.6381879
1541	3.6381879
1542	4.3410558
1543	4.3410558
1544	4.3410558
1545	4.3410558
1546	5.8920377
1547	5.8920377
1548	5.8920377
1549	5.9094883
1550	5.3673847
1551	5.8677744
1552	5.8677744
1553	5.0450923
1554	5.6625131
1555	5.7183727
1556	5.7183727
1557	5.7183727
1558	5.7183727
1559	5.7183727
1560	5.6463612
1561	5.8573339
1562	5.8573339
1563	5.8230259
1564	5.8230259
1565	5.8115514
1566	5.8115514
1567	5.3555437
1568	5.9191949
1569	5.6922539
1570	5.2014435
1571	5.2014435
1572	5.2014435
1573	5.9823044
1574	5.9823044
1575	5.9823044
1576	5.8976631
1577	5.8976631
1578	5.8976631
1579	5.8976631
1580	5.7529783
1581	5.7529783
1582	5.9998995
1583	5.5684419
1584	5.5684419
1585	5.7850685
1586	5.4306289
1587	5.4306289
1588	5.4306289
1589	5.4306289
1590	5.4306289
1591	5.4306289
1592	5.7359554
1593	5.7359554
1594	5.7359554
1595	5.7359554
1596	5.3852703
1597	5.3852703
1598	5.3852703
1599	5.9746972
1600	5.9578948
1601	5.9578948
1602	5.9578948
1603	5.3746417
1604	4.2878757
1605	4.0129088
1606	4.0129088
1607	4.0129088
1608	4.526681
1609	5.9847429
1610	5.4793286
1611	5.7888157
1612	5.7888157
1613	5.4068187
1614	5.4068187
1615	5.8992683
1616	5.8280628
1617	5.8280628
1618	5.3345103
1619	5.3345103
1620	5.741451
1621	5.36751
1622	5.36751
1623	5.4818747
1624	4.8392821
1625	4.8392821
1626	4.5399149
1627	5.1983923
1628	5.1983923
1629	5.1111999
1630	5.1111999
1631	5.1111999
1632	5.1111999
1633	5.1111999
1634	5.1111999
1635	4.8539648
1636	5.9147515
1637	5.5656488
1638	4.8981122
1639	5.7046517
1640	5.2566061
1641	5.9317098
1642	5.4720189
1643	5.6296057
1644	5.6296057
1645	5.6296057
1646	5.6296057
1647	5.4577781
1648	5.4577781
1649	3.8807991
1650	4.2355611
1651	4.2355611
1652	4.2355611
1653	4.2355611
1654	1.4978699
1655	1.4978699
1656	1.0352525
1657	1.1581734
1658	4.6351135
1659	4.6351135
1660	4.6351135
1661	5.6731637
1662	5.6731637
1663	5.2718716
1664	4.0465355
1665	4.0465355
1666	4.0465355
1667	4.0465355
1668	4.0465355
1669	5.5805959
1670	5.5805959
1671	5.5805959
1672	4.7865849
1673	4.9840766
1674	4.5454504
1675	4.5454504
1676	5.9424166
1677	5.9398302
1678	5.9398302
1679	4.8545251
1680	4.743537
1681	5.0386582
1682	4.8242311
1683	4.8242311
1684	4.8242311
1685	4.8242311
1686	4.8242311
1687	4.8242311
1688	5.0414806
1689	5.0414806
1690	4.2218579
1691	4.4996598
1692	4.4996598
1693	4.0335984
1694	4.0335984
1695	4.0335984
1696	4.0335984
1697	4.0335984
1698	4.0335984
1699	4.381588
1700	4.9143581
1701	4.9143581
1702	4.0111952
1703	5.6312012
1704	5.5861751
1705	5.5861751
1706	5.4603623
1707	4.0540118
1708	4.4943595
1709	3.3141644
1710	2.7497203
1711	2.7497203
1712	1.6483094
1713	1.6483094
1714	4.0906087
1715	4.0906087
1716	4.0906087
1717	4.5247806
1718	5.4536071
1719	5.4536071
1720	5.4536071
1721	5.4536071
1722	4.7890468
1723	4.7890468
1724	5.1084891
1725	5.1084891
1726	5.6677042
1727	5.6677042
1728	5.7670322
1729	5.7670322
1730	5.9019073
1731	5.9019073
1732	5.6809678
1733	5.6809678
1734	5.6809678
1735	5.6809678
1736	5.6809678
1737	5.6809678
1738	5.8224733
1739	5.8224733
1740	5.8042263
1741	5.8042263
1742	5.8042263
1743	5.8042263
1744	5.4902282
1745	5.4902282
1746	5.4902282
1747	5.8762089
1748	5.8762089
1749	5.8762089
1750	5.9345741
1751	5.66548
1752	5.66548
1753	5.66548
1754	5.66548
1755	5.9385286
1756	5.9385286
1757	5.8887226
1758	5.8887226
1759	5.3069345
1760	5.7858398
1761	5.7858398
1762	5.7858398
1763	5.9624317
1764	5.5466915
1765	5.5466915
1766	5.5466915
1767	5.5466915
1768	5.5466915
1769	5.9981606
1770	5.7042677
1771	5.7042677
1772	5.1897692
1773	5.9094027
1774	5.1306842
1775	5.8829462
1776	5.8829462
1777	5.3310106
1778	4.9933717
1779	4.9933717
1780	5.6853237
1781	5.6853237
1782	3.7782326
1783	3.7782326
1784	3.7782326
1785	3.7782326
1786	3.2127346
1787	3.2127346
1788	3.2127346
1789	5.6148179
1790	5.6148179
1791	5.6148179
1792	4.4689526
1793	4.1018643
1794	4.4951565
1795	4.4951565
1796	3.4446673
1797	3.4446673
1798	5.1431248
1799	5.9729973
1800	5.9729973
1801	5.0686706
1802	5.8814505
1803	5.4774823
1804	5.4774823
1805	3.6204467
1806	5.189862
1807	5.033361
1808	5.7511916
1809	5.9145047
1810	5.9145047
1811	5.9145047
1812	5.9145047
1813	4.9782559
1814	4.9782559
1815	4.9782559
1816	5.3321743
1817	4.5930383
1818	5.2545621
1819	5.2545621
1820	5.2545621
1821	5.2545621
1822	5.2545621
1823	5.2545621
1824	5.2545621
1825	5.2545621
1826	5.2545621
1827	5.2510679
1828	5.2510679
1829	5.2510679
1830	5.2510679
1831	5.2510679
1832	5.2510679
1833	5.0060799
1834	5.93854
1835	5.93854
1836	5.93854
1837	5.8834349
1838	5.8834349
1839	5.3139218
1840	5.9017331
1841	5.9017331
1842	5.0259402
1843	5.7464637
1844	5.3791692
1845	5.8205618
1846	5.7279208
1847	5.200904
1848	5.200904
1849	5.200904
1850	5.200904
1851	5.4833404
1852	5.4833404
1853	5.4833404
1854	5.4833404
1855	4.7884637
1856	4.0855386
1857	4.0855386
1858	4.0855386
1859	5.410472
1860	5.9135575
1861	5.9135575
1862	5.7166791
1863	5.7166791
1864	5.6793497
1865	5.8098363
1866	5.9075613
1867	3.68135
1868	5.4323941
1869	5.5690876
1870	5.7334824
1871	5.8887786
1872	5.8887786
1873	3.817908
1874	3.817908
1875	5.3068813
1876	5.2521231
1877	5.3357702
1878	5.7513703
1879	5.7513703
1880	5.7513703
1881	5.7513703
1882	5.7513703
1883	5.4491256
1884	5.4491256
1885	5.4491256
1886	5.4491256
1887	5.4491256
1888	5.4491256
1889	5.219228
1890	5.1320559
1891	5.3060295
1892	5.4904641
1893	4.8463788
1894	5.4903988
1895	5.4903988
1896	5.4903988
1897	5.845433
1898	5.7763836
1899	5.0065268
1900	5.0065268
1901	5.0065268
1902	5.0065268
1903	5.0065268
1904	5.0065268
1905	3.8670845
1906	3.8670845
1907	3.8670845
1908	3.8670845
1909	3.8670845
1910	3.8670845
1911	3.0240088
1912	2.9219941
1913	2.9219941
1914	2.9219941
1915	2.9219941
1916	2.9219941
1917	2.9219941
1918	2.9219941
1919	3.0606278
1920	3.0606278
1921	3.0606278
1922	3.0606278
1923	3.0606278
1924	4.2096527
1925	4.4141321
1926	4.4141321
1927	4.4141321
1928	4.4141321
1929	5.3963451
1930	5.3963451
1931	5.3963451
1932	5.3963451
1933	5.8538263
1934	5.590093
1935	5.590093
1936	5.4057316
1937	5.4057316
1938	5.4057316
1939	5.8235569
1940	5.8235569
1941	5.8235569
1942	5.8235569
1943	5.8235569
1944	5.8235569
1945	5.8235569
1946	5.3851758
1947	5.3851758
1948	5.5773949
1949	5.7698245
1950	5.7698245
1951	5.7698245
1952	5.7698245
1953	5.1642016
1954	5.1642016
1955	4.955723
1956	5.6530246
1957	5.6530246
1958	5.6530246
1959	5.6530246
1960	5.5920171
1961	5.5920171
1962	5.7951764
1963	5.7009491
1964	5.7009491
1965	5.7009491
1966	5.8790587
1967	5.8790587
1968	5.8790587
1969	4.9420253
1970	4.9420253
1971	5.0238636
1972	5.2847288
1973	5.7564878
1974	5.1555481
1975	5.1555481
1976	5.1555481
1977	5.1555481
1978	5.1555481
1979	5.9398617
1980	5.9398617
1981	5.5731551
1982	5.5731551
1983	5.7401282
1984	5.3870075
1985	5.5677389
1986	5.5677389
1987	5.5677389
1988	4.7812909
1989	3.9488639
1990	4.0980382
1991	3.3727802
1992	3.3727802
1993	4.7024118
1994	4.7837361
1995	4.7530238
1996	5.4892825
1997	5.7643997
1998	5.7643997
1999	5.7643997
2000	5.3474949
2001	5.3474949
2002	5.3474949
2003	5.9453756
2004	4.7299374
2005	5.8611315
2006	5.7875241
2007	5.7875241
2008	5.1645262
2009	4.985713
2010	4.3215232
2011	4.2635876
2012	4.2635876
2013	5.5012677
2014	5.5012677
2015	5.5322683
2016	5.5322683
2017	5.7788919
2018	5.7788919
2019	5.1627925
2020	5.9127809
2021	5.6215922
2022	5.6215922
2023	5.6601044
2024	5.2254245
2025	5.2254245
2026	5.2254245
2027	5.2254245
2028	5.771351
2029	5.4562496
2030	5.1472474
2031	5.1472474
2032	5.1472474
2033	5.6295114
2034	5.6295114
2035	5.6295114
2036	5.6295114
2037	5.6295114
2038	5.8251367
2039	5.8251367
2040	5.8251367
2041	5.5783063
2042	5.5783063
2043	4.244035
2044	4.1798308
2045	4.6221416
2046	5.0012045
2047	5.6401737
2048	5.7530161
2049	5.7530161
2050	5.9056171
2051	5.9056171
2052	5.889684
2053	5.7578422
2054	5.7578422
2055	5.2718861
2056	5.2457187
2057	5.2457187
2058	5.9793834
2059	5.9793834
2060	5.0186757
2061	5.0186757
2062	5.0186757
2063	5.0186757
2064	5.1592077
2065	5.1201543
2066	5.1201543
2067	5.1201543
2068	4.7108791
2069	4.7108791
2070	3.4498525
2071	5.587093
2072	5.587093
2073	5.587093
2074	5.587093
2075	5.587093
2076	5.587093
2077	5.587093
2078	5.6838829
2079	5.19378
2080	4.8765206
2081	5.0570346
2082	3.3979858
2083	3.3796027
2084	4.7746554
2085	5.9154696
2086	5.9154696
2087	5.9154696
2088	5.9154696
2089	5.9154696
2090	5.8010648
2091	5.8724986
2092	5.1691427
2093	5.0699684
2094	5.0699684
2095	5.0699684
2096	5.0699684
2097	5.4825524
2098	5.4817196
2099	5.9357579
2100	5.9357579
2101	5.9357579
2102	5.5396658
2103	4.3201726
2104	4.3201726
2105	4.0215223
2106	5.3602396
2107	5.3602396
2108	5.3602396
2109	5.3602396
2110	5.5435684
2111	5.853739
2112	5.3845423
2113	5.3845423
2114	5.9384207
2115	5.775429
2116	4.7055545
2117	4.7055545
2118	4.7055545
2119	5.273505
2120	4.0807307
2121	4.9310662
2122	5.8189913
2123	5.8189913
2124	5.6533934
2125	5.3089697
2126	5.3089697
2127	5.9016844
2128	5.9016844
2129	5.9016844
2130	5.9016844
2131	5.9016844
2132	5.9040758
2133	5.9040758
2134	5.3681739
2135	5.4800695
2136	5.4800695
2137	5.9233437
2138	5.5024405
2139	5.5024405
2140	5.5024405
2141	5.5024405
2142	5.5024405
2143	5.5024405
2144	5.1719514
2145	5.1719514
2146	5.4817786
2147	5.4817786
2148	5.4950292
2149	5.4950292
2150	5.5964356
2151	5.5964356
2152	5.5964356
2153	5.5964356
2154	5.5964356
2155	5.5964356
2156	5.9585295
2157	5.9585295
2158	5.4040024
2159	5.0537115
2160	5.5767543
2161	5.5767543
2162	5.5767543
2163	5.2275646
2164	5.5376765
2165	5.5376765
2166	5.019162
2167	5.019162
2168	4.516793
2169	4.516793
2170	4.516793
2171	5.1821351
2172	5.1821351
2173	4.0847802
2174	4.0847802
2175	4.0847802
2176	5.7856265
2177	5.7856265
2178	5.8067661
2179	5.8067661
2180	5.7622898
2181	5.7622898
2182	5.7329319
2183	5.919799
2184	5.919799
2185	5.919799
2186	5.919799
2187	3.5303585
2188	4.8309857
2189	4.8309857
2190	4.8309857
2191	5.517514
2192	5.517514
2193	5.569084
2194	5.569084
2195	5.2984581
2196	5.4485671
2197	5.4485671
2198	5.4485671
2199	5.4485671
2200	5.4485671
2201	5.4485671
2202	5.4485671
2203	5.8963064
2204	5.8963064
2205	5.8963064
2206	5.8963064
2207	4.8763423
2208	5.9574698
2209	5.8640047
2210	5.8640047
2211	5.2459431
2212	4.9079546
2213	5.9159806
2214	5.7596772
2215	5.6463833
2216	5.6463833
2217	5.6463833
2218	5.892915
2219	5.892915
2220	5.4473816
2221	4.4923855
2222	4.4923855
2223	5.799019
2224	5.799019
2225	5.7928491
2226	5.6403161
2227	5.6403161
2228	5.9868649
2229	5.9868649
2230	5.9868649
2231	5.892405
2232	5.8256435
2233	5.6828571
2234	5.6828571
2235	5.7105305
2236	5.9964281
2237	5.5682243
2238	5.8339713
2239	5.8842159
2240	5.8842159
2241	5.8741873
2242	5.8741873
2243	5.4785427
2244	5.4785427
2245	5.8160021
2246	4.6099433
2247	3.6596527
2248	2.2076731
2249	1.6406279
2250	4.0718688
2251	4.0718688
2252	4.5364681
2253	4.5364681
2254	4.96626
2255	5.1211539
2256	5.1211539
2257	5.1211539
2258	4.1746204
2259	4.9208666
2260	5.2352817
2261	4.7713017
2262	5.1723653
2263	5.1723653
2264	5.1723653
2265	5.1723653
2266	5.1723653
2267	5.1723653
2268	5.1723653
2269	5.1723653
2270	4.486382
2271	4.3183902
2272	5.2225315
2273	5.2225315
2274	5.5619711
2275	5.5896232
2276	5.5896232
2277	5.5896232
2278	5.5896232
2279	5.1924894
2280	5.1043904
2281	5.1043904
2282	5.1724165
2283	5.4601843
2284	5.4601843
2285	5.5156712
2286	4.8262455
2287	4.5358073
2288	5.929525
2289	5.929525
2290	5.7690347
2291	5.7690347
2292	5.7690347
2293	3.5421732
2294	3.5421732
2295	3.5421732
2296	3.5421732
2297	2.9655963
2298	2.9422979
2299	2.9422979
2300	2.9422979
2301	2.9422979
2302	2.9422979
2303	2.9422979
2304	4.4307461
2305	4.4307461
2306	4.4307461
2307	5.7637006
2308	4.3062865
2309	4.3062865
2310	5.710567
2311	5.4069432
2312	5.4069432
2313	5.9690443
2314	5.6936752
2315	4.1066638
2316	4.1066638
2317	5.1500137
2318	4.9737062
2319	5.9884175
2320	4.8273535
2321	4.8273535
2322	4.0735431
2323	4.0735431
2324	4.2270275
2325	5.1154945
2326	5.1154945
2327	5.1154945
2328	5.1154945
2329	5.7976813
2330	5.9427369
2331	5.9427369
2332	5.9427369
2333	5.9427369
2334	5.9416546
2335	5.972736
2336	4.8191648
2337	5.4595143
2338	4.9715844
2339	4.9715844
2340	4.9715844
2341	4.9715844
2342	5.4868803
2343	5.9323684
2344	4.9651406
2345	3.7501644
2346	3.4459327
2347	4.5620544
2348	4.5620544
2349	5.5089367
2350	5.5089367
2351	5.7477076
2352	5.582513
2353	5.8813166
2354	5.9901975
2355	5.9901975
2356	5.9838236
2357	5.9838236
2358	5.9838236
2359	5.9838236
2360	5.9838236
2361	5.7443167
2362	5.7443167
2363	5.7443167
2364	5.428568
2365	5.0183783
2366	5.0183783
2367	5.2475367
2368	5.2475367
2369	5.8704907
2370	5.8704907
2371	5.8704907
2372	5.8704907
2373	5.8704907
2374	5.8704907
2375	5.8300779
2376	5.8300779
2377	5.8300779
2378	5.4965114
2379	5.4965114
2380	5.9056846
2381	5.9056846
2382	5.9056846
2383	5.633697
2384	5.7754006
2385	5.7754006
2386	5.2765614
2387	5.0894497
2388	5.446642
2389	5.446642
2390	5.2833775
2391	5.2833775
2392	5.2833775
2393	5.4011189
2394	5.4928937
2395	5.4928937
2396	5.0680766
2397	5.0680766
2398	4.6407288
2399	5.5419738
2400	5.5419738
2401	5.8435775
2402	5.6657794
2403	5.6657794
2404	5.6657794
2405	5.2461068
2406	5.2458455
2407	5.2458455
2408	5.9393583
2409	5.9393583
2410	5.2746309
2411	5.2746309
2412	5.2746309
2413	4.7738338
2414	4.2204456
2415	4.2204456
2416	4.2204456
2417	4.2204456
2418	4.2204456
2419	5.0620633
2420	5.0620633
2421	5.8986436
2422	5.6753826
2423	5.6753826
2424	5.3468919
2425	5.7182468
2426	4.9860204
2427	4.9860204
2428	4.9860204
2429	5.963322
2430	5.963322
2431	5.5628842
2432	5.5628842
2433	5.5628842
2434	5.6753345
2435	5.6753345
2436	5.6810148
2437	5.6810148
2438	5.7763408
2439	5.7763408
2440	5.8498222
2441	5.5504654
2442	5.5504654
2443	5.5504654
2444	5.5504654
2445	5.5504654
2446	5.9527187
2447	5.9527187
2448	5.6938047
2449	5.6938047
2450	5.3214121
2451	4.4569316
2452	4.0094682
2453	4.0094682
2454	5.8729059
2455	5.4284832
2456	5.4894427
2457	5.6916458
2458	5.8448808
2459	5.8091369
2460	5.7703109
2461	5.7703109
2462	5.7703109
2463	5.9790039
2464	5.9790039
2465	5.9790039
2466	5.9790039
2467	5.9790039
2468	5.2866754
2469	5.2866754
2470	5.45744
2471	5.45744
2472	5.45744
2473	5.8624764
2474	5.8624764
2475	5.8624764
2476	5.8624764
2477	5.8624764
2478	5.8624764
2479	5.5628857
2480	5.5628857
2481	5.5628857
2482	5.5628857
2483	5.5628857
2484	5.3536221
2485	5.2788895
2486	5.2788895
2487	5.2788895
2488	4.8277327
2489	4.748457
2490	5.1217328
2491	5.1217328
2492	5.1217328
2493	5.3051662
2494	5.3051662
2495	5.3051662
2496	5.9677986
2497	5.9677986
2498	5.8691934
2499	4.448632
2500	5.6877851
2501	5.9166043
2502	5.9166043
2503	5.9166043
2504	5.9166043
2505	5.4281431
2506	5.505758
2507	5.6211831
2508	5.6211831
2509	5.8553567
2510	5.8553567
2511	5.8365431
2512	5.743284
2513	5.743284
2514	5.743284
2515	5.1319061
2516	5.1319061
2517	1.9060941
2518	4.4301328
2519	3.8908944
2520	3.8908944
2521	3.4381941
2522	3.4381941
2523	3.4381941
2524	2.5293995
2525	2.5293995
2526	2.5293995
2527	2.5293995
2528	2.5293995
2529	4.6488033
2530	5.436859
2531	5.436859
2532	5.9970754
2533	5.9970754
2534	5.9970754
2535	4.8113655
2536	5.9276225
2537	5.9276225
2538	5.9448127
2539	5.9309343
2540	5.6867545
2541	5.6867545
2542	5.6867545
2543	5.6867545
2544	5.6867545
2545	5.6867545
2546	5.6867545
2547	5.6867545
2548	5.719757
2549	5.719757
2550	4.8263164
2551	4.8263164
2552	4.8263164
2553	4.8263164
2554	4.8263164
2555	5.1780914
2556	5.1780914
2557	5.1780914
2558	5.5231528
2559	5.4787445
2560	5.4381556
2561	5.4381556
2562	5.4381556
2563	5.4298993
2564	5.6227089
2565	5.9053423
2566	5.9053423
2567	5.9053423
2568	5.9053423
2569	5.9053423
2570	5.9053423
2571	5.9053423
2572	5.9053423
2573	5.9053423
2574	5.9053423
2575	5.6152828
2576	5.7046831
2577	5.7046831
2578	5.7046831
2579	5.6307009
2580	5.3580139
2581	5.6705207
2582	5.0827342
2583	4.4728058
2584	5.4407136
2585	5.4407136
2586	5.1802929
2587	5.1802929
2588	5.1802929
2589	5.1802929
2590	3.4786959
2591	3.4786959
2592	3.4786959
2593	4.1787241
2594	2.1557905
2595	2.1557905
2596	2.1557905
2597	2.7940652
2598	3.3907203
2599	3.3907203
2600	5.524849
2601	5.524849
2602	5.524849
2603	4.9497671
2604	5.3226854
2605	5.0545861
2606	5.2277667
2607	5.2277667
2608	4.2901357
2609	4.8426699
2610	4.8426699
2611	5.3148855
2612	4.5639965
2613	4.5639965
2614	4.5639965
2615	4.5639965
2616	4.8967752
2617	5.9305059
2618	5.9305059
2619	5.9723441
2620	5.594204
2621	5.9617243
2622	5.9617243
2623	5.9617243
2624	5.9617243
2625	5.9617243
2626	5.9617243
2627	5.9617243
2628	4.8205726
2629	4.8205726
2630	4.8205726
2631	5.6130074
2632	5.6130074
2633	5.6130074
2634	5.6113081
2635	5.8010592
2636	5.7071739
2637	5.7071739
2638	5.7561314
2639	5.7561314
2640	5.7561314
2641	5.7561314
2642	5.7961382
2643	4.5609282
2644	4.5609282
2645	5.0784805
2646	5.6266879
2647	5.9576651
2648	5.9419606
2649	5.9419606
2650	5.4167438
2651	5.4200261
2652	4.7444493
2653	4.7444493
2654	4.7444493
2655	4.7444493
2656	4.7226422
2657	2.3995161
2658	3.7175978
2659	4.1363953
2660	4.494731
2661	4.494731
2662	2.7984072
2663	5.6107323
2664	5.7862289
2665	5.7862289
2666	5.7862289
2667	5.7862289
2668	5.5669534
2669	5.4620564
2670	5.4620564
2671	5.4620564
2672	5.4620564
2673	5.7428612
2674	5.5942459
2675	5.5942459
2676	5.5942459
2677	5.5942459
2678	5.5942459
2679	3.6662111
2680	3.6662111
2681	3.6662111
2682	3.2470598
2683	3.2470598
2684	5.1790657
2685	5.2011499
2686	5.6242554
2687	5.6242554
2688	5.6242554
2689	5.8091581
2690	5.8091581
2691	5.8979249
2692	5.8979249
2693	5.8255185
2694	5.6696451
2695	5.9475145
2696	5.9475145
2697	5.9475145
2698	5.9475145
2699	5.3839436
2700	5.868669
2701	5.868669
2702	5.8771323
2703	4.9080053
2704	4.9080053
2705	5.4377604
2706	5.4377604
2707	5.4157501
2708	5.5987811
2709	5.5987811
2710	5.4614082
2711	5.1982229
2712	4.4518878
2713	4.4518878
2714	4.4518878
2715	5.179334
2716	5.1891814
2717	5.1891814
2718	5.1891814
2719	5.5424262
2720	5.8593288
2721	5.8593288
2722	5.8593288
2723	5.553924
2724	5.553924
2725	5.553924
2726	5.553924
2727	5.885676
2728	4.2503445
2729	4.2503445
2730	4.2503445
2731	5.6735454
2732	5.6735454
2733	5.6735454
2734	5.6735454
2735	5.0501409
2736	4.5320243
2737	4.5320243
2738	4.5320243
2739	4.5320243
2740	4.5320243
2741	4.5320243
2742	4.9701137
2743	4.9701137
2744	5.5195143
2745	5.7598157
2746	5.7598157
2747	5.7598157
2748	5.7598157
2749	5.856961
2750	5.856961
2751	5.856961
2752	5.9063418
2753	5.0902744
2754	5.9911715
2755	5.9911715
2756	5.9911715
2757	5.6975674
2758	5.7780698
2759	5.688432
2760	5.688432
2761	5.3700971
2762	4.9607809
2763	5.625168
2764	3.8367244
2765	4.8514362
2766	4.8514362
2767	4.8514362
2768	4.8514362
2769	4.8514362
2770	4.8514362
2771	4.7338331
2772	5.3185638
2773	4.7324334
2774	4.7324334
2775	4.7324334
2776	4.7324334
2777	4.9445435
2778	5.0614547
2779	5.0614547
2780	5.6381523
2781	5.6381523
2782	5.6381523
2783	5.5687212
2784	5.9634309
2785	5.9634309
2786	5.9634309
2787	5.9634309
2788	5.7771816
2789	5.8238409
2790	5.8238409
2791	5.9845256
2792	5.9845256
2793	5.9845256
2794	5.9845256
2795	5.9684919
2796	5.86064
2797	5.86064
2798	5.86064
2799	5.6120373
2800	4.8194928
2801	4.8194928
2802	5.1096671
2803	5.2940112
2804	5.2940112
2805	5.6896181
2806	5.6896181
2807	5.6896181
2808	5.6896181
2809	5.6896181
2810	5.6660805
2811	5.6660805
2812	5.3515584
2813	5.9597687
2814	5.9597687
2815	5.7934455
2816	5.1164336
2817	5.9641078
2818	5.8301634
2819	5.9921788
2820	5.9921788
2821	5.3796779
2822	5.3796779
2823	5.9051063
2824	5.9051063
2825	5.9051063
2826	5.9960836
2827	5.9960836
2828	5.9575389
2829	5.9575389
2830	5.908722
2831	5.908722
2832	5.908722
2833	5.6056156
2834	5.4695464
2835	5.4695464
2836	5.4695464
2837	5.4695464
2838	5.4695464
2839	5.4484659
2840	5.7006016
2841	5.4307472
2842	5.4307472
2843	5.7721449
2844	5.7210391
2845	5.7029529
2846	5.2520267
2847	5.4379514
2848	5.1094137
2849	5.1094137
2850	5.1094137
2851	5.0538784
2852	4.9554262
2853	4.9554262
2854	4.8496135
2855	4.7202725
2856	5.5096824
2857	5.4111014
2858	5.4111014
2859	5.4111014
2860	5.9098513
2861	5.9098513
2862	5.9098513
2863	5.9098513
2864	4.6160478
2865	4.8559702
2866	5.1479242
2867	5.1344806
2868	5.1344806
2869	4.1648424
2870	5.9920864
2871	5.9920864
2872	5.9920864
2873	5.4755597
2874	5.4755597
2875	5.4755597
2876	5.7711289
2877	5.7711289
2878	5.7711289
2879	5.7711289
2880	5.5065886
2881	5.905199
2882	5.905199
2883	5.905199
2884	4.7479955
2885	4.4749659
2886	5.7238395
2887	5.7238395
2888	5.7238395
2889	5.7238395
2890	5.9404714
2891	5.9404714
2892	5.9404714
2893	5.9051469
2894	5.9051469
2895	5.1129773
2896	5.1555454
2897	5.1555454
2898	5.1555454
2899	5.3905948
2900	5.6329726
2901	5.6329726
2902	5.6329726
2903	5.8919256
2904	5.4831296
2905	4.8971467
2906	4.8803082
2907	5.9517304
2908	5.9517304
2909	5.9517304
2910	5.9517304
2911	5.9517304
2912	5.9517304
2913	5.9517304
2914	5.9517304
2915	5.9517304
2916	5.9517304
2917	5.4017617
2918	3.4950462
2919	3.4950462
2920	3.4950462
2921	3.4950462
2922	3.4950462
2923	2.7608712
2924	2.3322515
2925	2.4821259
2926	4.9003627
2927	3.4100278
2928	5.1954383
2929	5.7448756
2930	4.3670028
2931	5.0859503
2932	5.0859503
2933	5.9336417
2934	5.6668805
2935	5.6668805
2936	5.9787364
2937	5.9957771
2938	5.7887793
2939	5.7887793
2940	5.1520567
2941	5.1520567
2942	5.4224114
2943	5.7901635
2944	5.7887768
2945	5.8836834
2946	4.9164956
2947	5.8955556
2948	5.3180772
2949	5.2999368
2950	5.2999368
2951	4.7821854
2952	5.3071923
2953	5.3071923
2954	5.3071923
2955	4.601896
2956	4.601896
2957	4.601896
2958	5.8602891
2959	5.9583262
2960	5.9583262
2961	5.5827537
2962	5.5827537
2963	5.5827537
2964	5.5827537
2965	5.5827537
2966	5.5827537
2967	5.5827537
2968	5.5827537
2969	5.5827537
2970	5.5827537
2971	5.5922391
2972	5.5922391
2973	5.884927
2974	5.884927
2975	5.884927
2976	5.3209462
2977	5.4858795
2978	5.488693
2979	5.7654653
2980	5.3439428
2981	5.3439428
2982	5.3439428
2983	5.3439428
2984	5.2350688
2985	5.8594736
2986	5.1999484
2987	5.1999484
2988	5.1999484
2989	5.0611917
2990	5.2002871
2991	5.2002871
2992	5.2002871
2993	5.8731188
2994	5.634198
2995	5.7717581
2996	5.7717581
2997	5.7717581
2998	5.7717581
2999	5.7717581
3000	5.7717581
3001	5.7717581
3002	5.8956251
3003	5.7113957
3004	5.9700234
3005	5.2166882
3006	4.7322913
3007	5.1140677
3008	5.3560617
3009	5.3560617
3010	5.5657551
3011	5.5657551
3012	5.48196
3013	5.993256
3014	5.993256
3015	5.948445
3016	5.948445
3017	5.948445
3018	5.948445
3019	5.948445
3020	5.8388288
3021	5.8388288
3022	5.8388288
3023	5.8388288
3024	5.7901552
3025	5.7901552
3026	5.7901552
3027	5.7901552
3028	5.7901552
3029	5.2417643
3030	4.6246322
3031	4.6246322
3032	4.6246322
3033	4.6246322
3034	4.6246322
3035	4.3073119
3036	5.4108184
3037	4.4707668
3038	4.4707668
3039	3.2934681
3040	3.2934681
3041	3.2934681
3042	4.579282
3043	3.5975596
3044	4.8094776
3045	3.7327958
3046	4.3498851
3047	4.3498851
3048	4.3498851
3049	4.9716076
3050	5.1906096
3051	5.1906096
3052	5.1906096
3053	5.1906096
3054	4.6989976
3055	5.8559264
3056	5.7901632
3057	5.7901632
3058	5.9269149
3059	5.9269149
3060	5.9269149
3061	5.2664294
3062	5.2664294
3063	4.727692
3064	4.6356315
3065	4.614994
3066	5.4077528
3067	5.6626536
3068	5.6626536
3069	5.4084024
3070	5.4084024
3071	5.4084024
3072	5.1125655
3073	5.1125655
3074	5.6634184
3075	5.6634184
3076	4.0674796
3077	4.0674796
3078	4.0674796
3079	3.8750856
3080	3.8750856
3081	5.6415637
3082	5.6415637
3083	5.9270085
3084	5.3588728
3085	5.3588728
3086	4.6262713
3087	5.872425
3088	5.872425
3089	5.872425
3090	5.872425
3091	5.5008367
3092	5.5008367
3093	5.4696187
3094	5.949962
3095	5.4914563
3096	5.4914563
3097	5.2466235
3098	5.2466235
3099	5.2466235
3100	5.5848384
3101	5.9648023
3102	5.9648023
3103	5.9648023
3104	5.9648023
3105	5.7752447
3106	5.7567698
3107	5.5851934
3108	5.5851934
3109	5.5851934
3110	5.5851934
3111	5.3522971
3112	5.8840288
3113	5.283858
3114	5.087375
3115	5.087375
3116	5.690833
3117	5.690833
3118	5.8490776
3119	5.8490776
3120	5.8490776
3121	5.7118002
3122	5.7118002
3123	5.8968651
3124	5.8968651
3125	5.3783185
3126	5.9814923
3127	5.9814923
3128	5.9814923
3129	5.6332752
3130	5.884763
3131	5.884763
3132	5.9644842
3133	5.9644842
3134	4.796829
3135	4.796829
3136	5.9462946
3137	5.9462946
3138	5.4489025
3139	5.4489025
3140	5.4489025
3141	5.4489025
3142	4.9368946
3143	4.9368946
3144	5.6327821
3145	5.5053762
3146	5.5053762
3147	3.8035681
3148	3.8035681
3149	5.5357785
3150	5.5357785
3151	5.5357785
3152	5.5357785
3153	5.9117219
3154	4.9822892
3155	4.9822892
3156	5.7763816
3157	5.7763816
3158	5.8618751
3159	5.8618751
3160	5.8618751
3161	5.3574987
3162	5.3574987
3163	5.6929601
3164	4.7608445
3165	5.5444086
3166	5.7227925
3167	4.2831164
3168	5.9255404
3169	5.9255404
3170	5.9255404
3171	4.9804843
3172	4.2336419
3173	3.8340271
3174	3.8340271
3175	3.8340271
3176	5.6311626
3177	5.6311626
3178	5.6311626
3179	5.9661379
3180	5.98992
3181	5.3160548
3182	5.7510646
3183	5.7510646
3184	5.5375702
3185	5.5257366
3186	5.5257366
3187	4.7735768
3188	4.7735768
3189	4.7735768
3190	5.7557386
3191	5.7475266
3192	5.7475266
3193	5.7475266
3194	5.8318168
3195	5.5756763
3196	5.4752411
3197	5.7391709
3198	4.8896715
3199	4.411029
3200	4.411029
3201	4.411029
3202	5.3541289
3203	5.8801033
3204	5.251696
3205	5.251696
3206	5.2944864
3207	5.2944864
3208	5.4971252
3209	5.4971252
3210	5.4971252
3211	5.7240575
3212	5.7240575
3213	5.7240575
3214	5.7240575
3215	5.3319259
3216	4.4209468
3217	4.4209468
3218	4.4209468
3219	5.9323034
3220	5.9323034
3221	5.9323034
3222	5.9323034
3223	5.9323034
3224	5.6770922
3225	5.286382
3226	5.6745595
3227	5.6745595
3228	5.4377999
3229	5.4377999
3230	5.5388527
3231	5.098092
3232	5.9889168
3233	5.9889168
3234	5.9889168
3235	5.9889168
3236	5.9889168
3237	5.9889168
3238	5.0665857
3239	5.2812866
3240	5.2812866
3241	5.2812866
3242	5.2812866
3243	5.2812866
3244	5.3746976
3245	5.3746976
3246	5.3746976
3247	5.0953127
3248	5.0953127
3249	5.0953127
3250	5.5521663
3251	5.9183645
3252	5.9183645
3253	5.9183645
3254	5.9183645
3255	5.9183645
3256	5.9183645
3257	5.6225023
3258	5.5006722
3259	5.5006722
3260	5.8769994
3261	5.4575751
3262	5.7865083
3263	5.7865083
3264	5.7865083
3265	5.8376252
3266	5.8376252
3267	5.8376252
3268	5.9468483
3269	5.9468483
3270	5.997346
3271	5.4418529
3272	5.4418529
3273	5.8698425
3274	5.8548661
3275	5.8548661
3276	5.8548661
3277	5.8548661
3278	5.8548661
3279	5.8548661
3280	5.5588706
3281	5.7036782
3282	5.7036782
3283	5.4965057
3284	5.4965057
3285	5.9048444
3286	5.9048444
3287	5.9048444
3288	5.9048444
3289	5.1408464
3290	5.1408464
3291	5.8098413
3292	5.8098413
3293	5.8098413
3294	5.2752257
3295	4.8842547
3296	4.8842547
3297	4.8842547
3298	4.8842547
3299	4.0220035
3300	4.3277716
3301	4.3277716
3302	3.1710035
3303	4.547325
3304	4.547325
3305	4.3587357
3306	4.3587357
3307	4.3587357
3308	5.1370462
3309	5.9306067
3310	5.7121253
3311	5.7121253
3312	5.7121253
3313	5.7119231
3314	5.8972694
3315	5.8972694
3316	5.8972694
3317	5.8972694
3318	5.7239437
3319	5.7851581
3320	5.6204857
3321	5.9241946
3322	5.977489
3323	4.7875931
3324	4.7875931
3325	4.7875931
3326	4.8584186
3327	3.2427613
3328	3.2427613
3329	3.2427613
3330	4.614288
3331	5.4395789
3332	5.3161535
3333	5.7990114
3334	5.9268356
3335	5.9268356
3336	5.8568026
3337	5.8568026
3338	5.4010997
3339	5.6900156
3340	5.088163
3341	5.0775589
3342	5.1806578
3343	5.1806578
3344	5.4025481
3345	5.2582501
3346	5.2582501
3347	5.2582501
3348	5.5256521
3349	5.5256521
3350	4.9856675
3351	4.9856675
3352	4.9856675
3353	4.9856675
3354	4.8175606
3355	2.989831
3356	2.989831
3357	2.989831
3358	2.989831
3359	3.1293844
3360	3.1293844
3361	2.980546
3362	2.980546
3363	2.980546
3364	2.980546
3365	2.980546
3366	2.980546
3367	2.5120506
3368	3.0308937
3369	3.0308937
3370	3.0308937
3371	3.2072139
3372	3.2072139
3373	4.6676261
3374	4.6676261
3375	4.6676261
3376	4.9152584
3377	4.1771468
3378	4.1771468
3379	3.1032812
3380	3.1032812
3381	3.271289
3382	3.271289
3383	2.7492278
3384	4.1118732
3385	3.9227717
3386	3.9227717
3387	3.9227717
3388	3.9227717
3389	4.5725803
3390	3.494976
3391	5.2849297
3392	5.4970228
3393	5.4970228
3394	5.6421925
3395	5.2483962
3396	5.2483962
3397	5.815358
3398	5.815358
3399	5.835515
3400	5.835515
3401	5.835515
3402	5.835515
3403	5.8864091
3404	5.8864091
3405	5.4902371
3406	5.4902371
3407	5.4902371
3408	5.8582555
3409	5.5229282
3410	5.4182808
3411	5.4182808
3412	5.4182808
3413	4.9923749
3414	4.9923749
3415	5.1742783
3416	5.8440326
3417	5.8543362
3418	5.8543362
3419	5.6873532
3420	5.7921876
3421	5.7921876
3422	5.7921876
3423	5.9825945
3424	5.9825945
3425	5.495792
3426	5.495792
3427	5.4602686
3428	5.4602686
3429	5.3540931
3430	4.7625761
3431	4.7625761
3432	4.7625761
3433	4.8291688
3434	4.8291688
3435	4.8291688
3436	5.8515434
3437	5.8515434
3438	4.8014334
3439	4.8468684
3440	5.8751319
3441	5.9986973
3442	5.943599
3443	5.776738
3444	5.8993907
3445	4.7190701
3446	4.7190701
3447	4.8769875
3448	4.8769875
3449	5.8783507
3450	5.8783507
3451	5.9868373
3452	5.7174965
3453	5.7428692
3454	5.7428692
3455	5.6701988
3456	5.2888082
3457	5.3263341
3458	5.7512245
3459	5.9792241
3460	5.9263654
3461	5.9263654
3462	5.9263654
3463	5.9263654
3464	5.9263654
3465	5.3725425
3466	5.9852755
3467	5.2200539
3468	5.2200539
3469	5.2200539
3470	5.2200539
3471	5.2200539
3472	5.2200539
3473	5.2200539
3474	5.2200539
3475	5.2200539
3476	5.2200539
3477	5.0773713
3478	5.3885168
3479	5.6911456
3480	5.8005347
3481	5.7261727
3482	5.7261727
3483	4.3028882
3484	4.3028882
3485	5.8119672
3486	5.8860378
3487	5.1120202
3488	5.1120202
3489	5.1120202
3490	5.0472975
3491	5.5915422
3492	4.9024923
3493	4.9024923
3494	4.3767563
3495	4.569581
3496	4.569581
3497	4.569581
3498	4.9199439
3499	5.1004525
3500	5.5127587
3501	5.5127587
3502	5.5127587
3503	5.5127587
3504	5.5127587
3505	5.6725173
3506	5.8877548
3507	5.3159871
3508	4.6346489
3509	4.6346489
3510	4.6346489
3511	4.1816861
3512	4.1816861
3513	4.1816861
3514	4.1816861
3515	4.1816861
3516	4.1816861
3517	5.9842324
3518	5.9842324
3519	5.1230832
3520	5.1230832
3521	4.6738927
3522	4.6738927
3523	5.5709599
3524	5.789376
3525	5.0051572
3526	5.0051572
3527	5.0051572
3528	4.2959754
3529	5.5582902
3530	5.5582902
3531	4.0716954
3532	2.5095559
3533	2.5095559
3534	4.7740344
3535	5.5772807
3536	5.5772807
3537	5.8958245
3538	5.3818325
3539	5.3731268
3540	5.3731268
3541	5.3731268
3542	5.2846271
3543	4.2382782
3544	3.7213811
3545	5.1033334
3546	5.8677598
3547	5.4544566
3548	5.4544566
3549	5.4544566
3550	5.4544566
3551	5.4544566
3552	5.5504732
3553	5.6033988
3554	5.1091116
3555	5.9548836
3556	5.3215701
3557	5.5066761
3558	5.5066761
3559	5.5789282
3560	5.5789282
3561	5.8880862
3562	5.9058707
3563	5.9058707
3564	5.9058707
3565	5.9058707
3566	5.9058707
3567	5.9058707
3568	5.9058707
3569	5.9058707
3570	5.9058707
3571	5.9799085
3572	5.9799085
3573	4.5222302
3574	2.7226383
3575	2.7226383
3576	2.4087694
3577	2.937811
3578	2.937811
3579	2.3687933
3580	1.2692833
3581	1.2692833
3582	3.6264316
3583	3.014632
3584	3.014632
3585	4.7445681
3586	5.8436864
3587	5.8436864
3588	5.8436864
3589	4.5310309
3590	4.5310309
3591	4.0617864
3592	4.0617864
3593	5.837967
3594	5.837967
3595	5.837967
3596	5.837967
3597	5.837967
3598	5.837967
3599	5.837967
3600	5.837967
3601	5.9719954
3602	5.8417707
3603	5.9229877
3604	5.9229877
3605	5.9229877
3606	5.3492171
3607	5.3492171
3608	5.4190996
3609	5.9774834
3610	5.9774834
3611	5.9774834
3612	5.7850401
3613	5.4534342
3614	4.95899
3615	4.95899
3616	5.0012451
3617	5.0012451
3618	5.8928748
3619	5.1905707
3620	5.7408867
3621	5.6081888
3622	5.6081888
3623	5.7141029
3624	5.7141029
3625	5.9300089
3626	5.8390191
3627	5.8390191
3628	5.8390191
3629	5.8390191
3630	5.5201135
3631	5.7686146
3632	5.6362399
3633	5.5871885
3634	5.5244714
3635	5.5244714
3636	5.582243
3637	5.8555766
3638	5.1752227
3639	5.1752227
3640	4.3712182
3641	4.3712182
3642	1.9573506
3643	1.9573506
3644	1.9573506
3645	1.9573506
3646	1.9573506
3647	1.9573506
3648	1.9573506
3649	1.9573506
3650	2.8494493
3651	2.8494493
3652	2.1361559
3653	2.7148551
3654	2.1512389
3655	1.6031512
3656	1.6031512
3657	1.6031512
3658	2.424097
3659	2.424097
3660	4.09313
3661	4.09313
3662	3.7828551
3663	3.7828551
3664	4.2377598
3665	4.2377598
3666	4.2377598
3667	4.729967
3668	4.729967
3669	5.319627
3670	5.319627
3671	5.319627
3672	5.0926063
3673	5.4632307
3674	5.4632307
3675	5.9745889
3676	5.9745889
3677	5.7607143
3678	5.7607143
3679	3.2329105
3680	3.2329105
3681	3.2254101
3682	3.190433
3683	3.6682806
3684	4.9080351
3685	4.9080351
3686	4.9080351
3687	4.9080351
3688	4.9080351
3689	5.8559194
3690	5.2806938
3691	5.2806938
3692	5.2806938
3693	5.2806938
3694	5.3602107
3695	5.9153721
3696	5.739035
3697	5.9462307
3698	3.7094035
3699	3.9487393
3700	4.0554873
3701	4.0554873
3702	3.5743141
3703	3.5743141
3704	5.1712301
3705	5.7878056
3706	5.7878056
3707	5.5595853
3708	5.7551555
3709	5.7551555
3710	5.7551555
3711	5.9062659
3712	5.9062659
3713	5.9062659
3714	5.9062659
3715	5.9062659
3716	5.9062659
3717	5.9062659
3718	5.7723686
3719	5.7723686
3720	5.7723686
3721	5.7558249
3722	5.2179428
3723	5.9344956
3724	5.9344956
3725	5.9762281
3726	5.6785962
3727	5.6785962
3728	5.6785962
3729	5.6785962
3730	5.6785962
3731	5.6785962
3732	5.9978762
3733	5.9978762
3734	5.9978762
3735	5.2988856
3736	5.2988856
3737	4.9572395
3738	4.9572395
3739	4.9572395
3740	5.5474301
3741	5.5474301
3742	5.5474301
3743	5.9923591
3744	5.9923591
3745	5.9923591
3746	5.9923591
3747	5.6785053
3748	5.6785053
3749	5.6785053
3750	5.6785053
3751	5.6785053
3752	5.5545696
3753	5.5545696
3754	5.9832548
3755	5.9832548
3756	5.9832548
3757	5.926258
3758	5.7973066
3759	4.8957929
3760	3.7714218
3761	2.9682423
3762	3.2456323
3763	2.2465529
3764	2.368691
3765	2.368691
3766	2.368691
3767	2.368691
3768	2.368691
3769	4.4408954
3770	3.8703837
3771	5.2371752
3772	5.2371752
3773	5.9229548
3774	5.9229548
3775	5.9229548
3776	5.9229548
3777	5.9229548
3778	5.7090543
3779	5.4846402
3780	4.5078009
3781	4.5078009
3782	4.2208498
3783	5.9342267
3784	5.3440504
3785	5.7724787
3786	5.7724787
3787	5.7465525
3788	5.7465525
3789	5.7465525
3790	5.7465525
3791	4.8825109
3792	4.8825109
3793	4.8825109
3794	5.7557822
3795	5.7557822
3796	5.4468253
3797	5.4468253
3798	5.7471468
3799	5.7471468
3800	5.7471468
3801	5.7471468
3802	5.7612503
3803	5.5739697
3804	5.6996482
3805	5.6996482
3806	5.6240426
3807	5.6240426
3808	5.6240426
3809	5.2854676
3810	5.2854676
3811	5.2854676
3812	5.7206782
3813	5.3391376
3814	5.4420211
3815	5.4420211
3816	5.8940059
3817	5.8940059
3818	5.8940059
3819	5.8940059
3820	5.8940059
3821	5.8940059
3822	5.8940059
3823	5.8940059
3824	5.7397497
3825	5.1019823
3826	5.4992887
3827	5.9853277
3828	5.9853277
3829	5.6889469
3830	5.6889469
3831	5.1756494
3832	5.1756494
3833	5.1756494
3834	5.2992707
3835	4.9096295
3836	5.7041311
3837	5.7041311
3838	3.3478721
3839	3.3478721
3840	3.3478721
3841	3.3478721
3842	3.3478721
3843	3.3478721
3844	5.5369163
3845	5.7821763
3846	5.4080938
3847	5.4080938
3848	4.6225957
3849	4.9564582
3850	4.7688144
3851	5.3291625
3852	5.3291625
3853	5.3291625
3854	5.3291625
3855	5.3291625
3856	4.7071186
3857	5.431625
3858	5.431625
3859	5.431625
3860	5.431625
3861	5.7162108
3862	4.9310865
3863	4.9533528
3864	4.9533528
3865	4.9533528
3866	4.9364451
3867	5.899058
3868	5.8517372
3869	5.8517372
3870	5.8517372
3871	4.5172062
3872	5.699062
3873	5.9953266
3874	5.9953266
3875	5.9953266
3876	5.3462569
3877	5.3462569
3878	5.4472333
3879	5.4472333
3880	5.2778537
3881	5.8133735
3882	5.8133735
3883	5.8133735
3884	4.1307462
3885	4.1307462
3886	5.7917126
3887	5.9904651
3888	5.9904651
3889	5.9904651
3890	4.8119838
3891	5.9513079
3892	5.6600684
3893	5.6600684
3894	5.6600684
3895	5.1643561
3896	5.1643561
3897	5.183032
3898	5.183032
3899	5.6856305
3900	5.6856305
3901	5.6856305
3902	5.9063578
3903	5.9063578
3904	5.9063578
3905	5.9063578
3906	5.9063578
3907	5.9063578
3908	5.9063578
3909	5.9063578
3910	5.4072976
3911	5.4554934
3912	5.5809188
3913	4.3733143
3914	4.3733143
3915	5.052166
3916	5.6361159
3917	3.9487415
3918	4.2359172
3919	4.2359172
3920	4.2359172
3921	4.2359172
3922	4.2359172
3923	3.2522311
3924	3.4092038
3925	3.4092038
3926	3.820428
3927	3.5831672
3928	3.5831672
3929	3.5831672
3930	3.5831672
3931	4.740541
3932	4.9363056
3933	4.9363056
3934	4.9363056
3935	5.7135257
3936	5.2638033
3937	5.9794946
3938	5.9794946
3939	5.6610759
3940	5.6610759
3941	5.6523087
3942	5.7607853
3943	5.7607853
3944	5.7607853
3945	5.7607853
3946	5.7607853
3947	5.7607853
3948	5.7607853
3949	5.7607853
3950	5.6682228
3951	5.4626961
3952	5.4626961
3953	5.4626961
3954	5.9164296
3955	5.9164296
3956	5.7322691
3957	5.7322691
3958	5.6396724
3959	5.6396724
3960	5.6396724
3961	5.6396724
3962	5.6396724
3963	5.6396724
3964	5.6396724
3965	5.6396724
3966	5.6396724
3967	5.6396724
3968	5.4833798
3969	5.4833798
3970	5.4833798
3971	5.7478611
3972	5.8176056
3973	5.8176056
3974	5.8176056
3975	5.8176056
3976	5.8764226
3977	5.8764226
3978	5.8745569
3979	5.8745569
3980	4.9041493
3981	4.9041493
3982	5.0863511
3983	5.0863511
3984	5.0863511
3985	5.7304165
3986	5.7304165
3987	5.7304165
3988	5.8968973
3989	5.7466698
3990	5.7853996
3991	5.7047339
3992	5.7047339
3993	5.6884439
3994	5.6884439
3995	5.7316154
3996	5.0460152
3997	5.3150071
3998	5.3150071
3999	5.7738458
4000	5.7738458
4001	5.7629288
4002	5.7629288
4003	5.7598181
4004	5.5522231
4005	4.4887263
4006	4.6888816
4007	5.9885169
4008	5.3657248
4009	5.3657248
4010	5.3657248
4011	5.3657248
4012	5.3657248
4013	4.9904589
4014	4.9904589
4015	4.5123882
4016	4.5123882
4017	4.5123882
4018	4.6426762
4019	4.5272574
4020	4.5272574
4021	4.5272574
4022	4.4940659
4023	4.4940659
4024	5.8099083
4025	5.8809499
4026	5.3839883
4027	4.9796469
4028	4.0288994
4029	5.2145555
4030	5.7845193
4031	5.7845193
4032	5.8161929
4033	5.8161929
4034	5.0638585
4035	3.9167305
4036	4.5051478
4037	5.548218
4038	5.4463305
4039	5.2874606
4040	5.171856
4041	5.171856
4042	5.3220023
4043	5.9159632
4044	5.9027033
4045	5.9027033
4046	5.2840091
4047	4.3278599
4048	3.0553635
4049	2.8577622
4050	3.4670462
4051	5.7334611
4052	5.7334611
4053	5.7334611
4054	5.2183957
4055	5.2183957
4056	5.2183957
4057	5.941973
4058	5.941973
4059	5.941973
4060	5.941973
4061	5.941973
4062	5.6651939
4063	5.0671788
4064	5.1234218
4065	5.1234218
4066	4.4081222
4067	4.4081222
4068	4.4081222
4069	4.4081222
4070	4.4081222
4071	4.5566527
4072	5.1779672
4073	4.7935837
4074	4.5330996
4075	4.5330996
4076	4.5330996
4077	4.9536058
4078	4.9536058
4079	4.9536058
4080	4.9536058
4081	4.9536058
4082	4.9536058
4083	4.9536058
4084	4.9536058
4085	5.4200492
4086	5.7593378
4087	5.7593378
4088	5.7593378
4089	5.7593378
4090	5.0999702
4091	5.6183986
4092	5.1395809
4093	5.8489714
4094	5.8494726
4095	5.5393802
4096	4.1505919
4097	4.1505919
4098	5.4185264
4099	4.8800949
4100	5.4763237
4101	5.4763237
4102	5.2518603
4103	5.4542077
4104	5.4542077
4105	5.1471649
4106	5.1585152
4107	5.1585152
4108	4.4220336
4109	4.5319296
4110	4.5319296
4111	4.5319296
4112	4.5319296
4113	3.6750294
4114	3.6750294
4115	3.6750294
4116	3.6750294
4117	3.6750294
4118	3.6750294
4119	3.6750294
4120	3.6750294
4121	3.9042475
4122	3.9042475
4123	3.9042475
4124	4.0127919
4125	4.0127919
4126	3.5190938
4127	3.5190938
4128	4.1439441
4129	5.0045513
4130	5.0045513
4131	5.2046552
4132	4.7945536
4133	5.4725574
4134	5.4725574
4135	5.2613096
4136	5.9862028
4137	5.9862028
4138	5.9862028
4139	5.9740559
4140	5.9740559
4141	4.8287137
4142	5.7947236
4143	5.3839758
4144	5.3839758
4145	4.9954892
4146	4.9954892
4147	4.9954892
4148	4.9954892
4149	5.3176484
4150	5.3176484
4151	5.9275317
4152	5.9324551
4153	5.5539248
4154	5.5539248
4155	5.404634
4156	5.8095948
4157	5.8095948
4158	5.1702267
4159	5.7964564
4160	5.375921
4161	5.375921
4162	5.375921
4163	5.3982854
4164	5.3982854
4165	5.4954993
4166	3.7116239
4167	3.7116239
4168	3.7116239
4169	3.7116239
4170	3.4378259
4171	5.1083343
4172	5.6646305
4173	5.8185432
4174	5.782431
4175	5.782431
4176	5.782431
4177	5.9436168
4178	5.9436168
4179	5.0625117
4180	5.3421545
4181	5.3421545
4182	5.7896773
4183	5.7300929
4184	5.9915036
4185	5.9915036
4186	5.9915036
4187	4.9680507
4188	5.0501313
4189	5.9172652
4190	5.9172652
4191	5.9488328
4192	5.9488328
4193	5.9488328
4194	5.9488328
4195	5.9488328
4196	5.9488328
4197	5.9488328
4198	5.9187323
4199	5.7031063
4200	5.9603257
4201	5.9603257
4202	5.1064524
4203	5.1064524
4204	5.1064524
4205	5.1064524
4206	4.7086521
4207	4.7086521
4208	5.6872609
4209	5.6872609
4210	5.6872609
4211	5.6872609
4212	5.6872609
4213	5.6872609
4214	5.5261522
4215	5.9695511
4216	5.8882271
4217	5.8320244
4218	3.9649701
4219	4.0604924
4220	4.0604924
4221	5.8600976
4222	5.8600976
4223	5.8600976
4224	5.7739275
4225	5.7739275
4226	5.9463567
4227	5.9463567
4228	5.6548504
4229	4.7741706
4230	5.5164689
4231	5.8089782
4232	5.8089782
4233	5.6927681
4234	5.9784945
4235	5.3759322
4236	5.3759322
4237	4.769264
4238	4.769264
4239	4.769264
4240	4.769264
4241	5.4236931
4242	5.8463872
4243	5.8463872
4244	5.8328684
4245	4.4748434
4246	5.2469925
4247	5.8884816
4248	5.8884816
4249	5.9144675
4250	5.9144675
4251	5.6117622
4252	5.2611367
4253	5.2611367
4254	5.7145597
4255	5.7145597
4256	5.8328997
4257	5.8328997
4258	5.1620918
4259	5.1393344
4260	5.1393344
4261	4.6911695
4262	4.7812997
4263	4.7812997
4264	4.7812997
4265	2.0041426
4266	4.2276205
4267	5.490969
4268	5.680639
4269	5.9148242
4270	5.9148242
4271	5.9148242
4272	5.8494885
4273	5.9788416
4274	5.3836801
4275	5.3836801
4276	5.0855958
4277	5.7858387
4278	5.7858387
4279	5.1197056
4280	4.8922356
4281	5.9053647
4282	5.9053647
4283	5.9053647
4284	5.9053647
4285	5.9053647
4286	5.939362
4287	5.939362
4288	5.939362
4289	5.3831221
4290	4.8077651
4291	4.8416253
4292	4.8416253
4293	5.8660782
4294	5.8660782
4295	5.8660782
4296	5.8660782
4297	5.8660782
4298	4.5212883
4299	5.6948148
4300	5.5991972
4301	5.6278002
4302	5.7659632
4303	5.5511336
4304	5.5511336
4305	5.5511336
4306	5.3543744
4307	5.4395952
4308	5.4395952
4309	4.6243267
4310	4.7397748
4311	5.413787
4312	5.413787
4313	5.413787
4314	5.7736534
4315	5.7736534
4316	5.7736534
4317	5.7736534
4318	5.7736534
4319	5.8705068
4320	5.9065471
4321	5.9065471
4322	5.5444174
4323	5.4035404
4324	5.4035404
4325	5.4035404
4326	5.0225989
4327	5.4623848
4328	4.0109204
4329	4.9284994
4330	4.9284994
4331	4.8067309
4332	4.8067309
4333	4.8067309
4334	4.8067309
4335	4.9724007
4336	4.9724007
4337	5.9817977
4338	5.9817977
4339	5.885815
4340	5.885815
4341	5.6454629
4342	5.6454629
4343	4.7059682
4344	4.7059682
4345	4.7059682
4346	5.6282478
4347	5.9324718
4348	5.9324718
4349	5.9324718
4350	5.9324718
4351	5.1284507
4352	5.1284507
4353	5.1918284
4354	3.2993654
4355	3.9434586
4356	5.8470896
4357	5.8470896
4358	4.3994903
4359	3.1480811
4360	3.1480811
4361	3.7131704
4362	5.8372663
4363	5.8913763
4364	5.8913763
4365	5.8913763
4366	5.044495
4367	5.6401138
4368	5.5393275
4369	4.6462169
4370	4.6462169
4371	4.6462169
4372	5.5199727
4373	5.5199727
4374	5.5199727
4375	5.2041887
4376	5.2041887
4377	5.2041887
4378	5.6203939
4379	4.829118
4380	4.829118
4381	4.829118
4382	4.829118
4383	4.829118
4384	4.829118
4385	4.829118
4386	3.6378401
4387	3.6378401
4388	3.6378401
4389	1.5071774
4390	2.1733142
4391	2.1733142
4392	2.1733142
4393	2.1701184
4394	2.1701184
4395	3.5922041
4396	4.309546
4397	4.2492674
4398	5.1191567
4399	5.1191567
4400	5.1191567
4401	5.8338524
4402	5.8338524
4403	5.795383
4404	5.795383
4405	5.795383
4406	5.795383
4407	5.7637871
4408	5.7637871
4409	5.7637871
4410	5.7637871
4411	5.5345571
4412	5.6792437
4413	5.6792437
4414	3.3864348
4415	3.3864348
4416	4.6559916
4417	4.6559916
4418	4.6559916
4419	4.0348011
4420	4.0348011
4421	3.685815
4422	2.9280937
4423	2.9280937
4424	2.9280937
4425	2.9280937
4426	1.0144411
4427	1.8562066
4428	2.7234834
4429	2.9437752
4430	3.3262851
4431	3.3262851
4432	4.193998
4433	5.0244355
4434	5.0244355
4435	5.0244355
4436	5.0244355
4437	5.0244355
4438	5.4523098
4439	5.4523098
4440	5.4523098
4441	5.3455618
4442	5.121675
4443	5.121675
4444	5.121675
4445	5.121675
4446	5.121675
4447	5.121675
4448	5.5928396
4449	5.5928396
4450	5.5928396
4451	5.5928396
4452	5.410389
4453	5.7019844
4454	5.7019844
4455	5.7019844
4456	5.7019844
4457	5.7019844
4458	5.5729531
4459	5.5729531
4460	4.1291867
4461	4.1291867
4462	4.1291867
4463	4.1291867
4464	3.4033555
4465	5.6425287
4466	5.7608174
4467	5.8824629
4468	5.0737772
4469	5.0737772
4470	5.0737772
4471	5.0737772
4472	4.6540932
4473	4.3919781
4474	5.1936192
4475	5.5809194
4476	5.5809194
4477	5.8213689
4478	5.5266916
4479	5.5266916
4480	5.5266916
4481	5.5266916
4482	5.5266916
4483	4.2048914
4484	3.1879806
4485	2.504627
4486	2.504627
4487	4.6270078
4488	4.6270078
4489	4.6270078
4490	5.1421552
4491	5.1421552
4492	5.1421552
4493	5.1421552
4494	5.1421552
4495	5.0664748
4496	5.2380701
4497	5.2380701
4498	5.2380701
4499	5.2380701
4500	5.2380701
4501	5.2380701
4502	5.9090586
4503	5.6074767
4504	5.6074767
4505	5.6376435
4506	5.6376435
4507	5.6376435
4508	5.7138366
4509	4.8703881
4510	4.8703881
4511	4.8703881
4512	4.8703881
4513	4.8703881
4514	4.8703881
4515	4.8703881
4516	5.4030545
4517	5.4030545
4518	5.4030545
4519	5.4318772
4520	5.7371748
4521	5.5940436
4522	5.5940436
4523	5.5940436
4524	5.6209974
4525	5.6209974
4526	5.5442718
4527	5.8877441
4528	5.6083276
4529	5.6083276
4530	5.6083276
4531	5.5772248
4532	3.4494281
4533	3.7554218
4534	4.2346159
4535	5.6650588
4536	5.6650588
4537	5.6650588
4538	5.5027273
4539	5.820073
4540	5.3206681
4541	5.3206681
4542	5.3206681
4543	5.3340549
4544	5.3340549
4545	5.3340549
4546	5.7710497
4547	5.7710497
4548	5.7710497
4549	5.7710497
4550	5.8866412
4551	5.8546514
4552	5.8546514
4553	5.8546514
4554	5.3730598
4555	5.3730598
4556	5.2941459
4557	5.1736014
4558	4.934826
4559	4.934826
4560	5.9413958
4561	5.9413958
4562	5.4849863
4563	5.6485608
4564	3.8916611
4565	4.7225669
4566	4.7225669
4567	3.5725443
4568	3.5725443
4569	4.967281
4570	4.1947115
4571	4.1947115
4572	4.1947115
4573	5.7546085
4574	5.7546085
4575	4.9838795
4576	5.0796402
4577	5.9749921
4578	5.9749921
4579	5.8973417
4580	5.9417015
4581	5.5303621
4582	5.2972832
4583	4.9305112
4584	4.9305112
4585	4.4874147
4586	4.4874147
4587	4.9541043
4588	5.770051
4589	5.770051
4590	5.2974907
4591	5.2974907
4592	5.7558849
4593	5.7558849
4594	4.5569242
4595	4.5569242
4596	4.5569242
4597	5.3664824
4598	5.3664824
4599	3.2467511
4600	3.2467511
4601	3.2467511
4602	5.8077433
4603	5.8077433
4604	5.8077433
4605	5.8077433
4606	5.8077433
4607	5.8077433
4608	5.64085
4609	4.8137247
4610	4.8137247
4611	4.6885344
4612	5.9101692
4613	5.9101692
4614	5.9101692
4615	5.9101692
4616	5.1482014
4617	4.2674603
4618	4.2674603
4619	5.8280511
4620	5.8280511
4621	5.8280511
4622	5.8280511
4623	5.3587818
4624	5.6973661
4625	5.6973661
4626	5.6973661
4627	5.6973661
4628	5.6973661
4629	5.6973661
4630	5.6973661
4631	5.4841376
4632	5.1598983
4633	4.5021295
4634	5.0659545
4635	3.84148
4636	4.1602163
4637	4.1602163
4638	3.9491702
4639	5.4686458
4640	5.4686458
4641	5.4686458
4642	5.4686458
4643	5.7329264
4644	5.7329264
4645	5.4577117
4646	5.9797955
4647	5.9090054
4648	5.4546207
4649	5.4546207
4650	4.9635861
4651	4.344444
4652	4.9879344
4653	4.3556751
4654	5.7966931
4655	5.4908768
4656	5.7782951
4657	5.7782951
4658	5.7782951
4659	5.7782951
4660	5.7782951
4661	5.7782951
4662	5.1713983
4663	5.1713983
4664	5.1713983
4665	5.712332
4666	5.712332
4667	5.577083
4668	5.7939683
4669	5.7939683
4670	5.7939683
4671	5.9349767
4672	5.9349767
4673	5.9349767
4674	5.9349767
4675	5.9349767
4676	5.9349767
4677	5.9349767
4678	5.9349767
4679	5.9349767
4680	5.9349767
4681	5.7826057
4682	5.9672444
4683	5.9629483
4684	5.587041
4685	5.587041
4686	5.587041
4687	5.587041
4688	5.9015593
4689	5.7119484
4690	5.7119484
4691	5.6653804
4692	5.7765419
4693	5.8957695
4694	5.2484488
4695	5.2484488
4696	5.2484488
4697	5.2484488
4698	5.7884841
4699	5.7884841
4700	5.7884841
4701	4.8912287
4702	4.8912287
4703	4.8912287
4704	4.8912287
4705	4.8912287
4706	4.8912287
4707	4.8912287
4708	4.8912287
4709	4.8912287
4710	4.8912287
4711	4.8912287
4712	2.8326083
4713	2.8326083
4714	4.3059403
4715	4.3059403
4716	4.4158098
4717	4.6385768
4718	5.9807874
4719	5.9807874
4720	5.6893007
4721	5.6893007
4722	5.6893007
4723	5.3255163
4724	5.3255163
4725	5.8700721
4726	5.8700721
4727	5.9114461
4728	5.7164735
4729	5.0210431
4730	5.0210431
4731	5.9447833
4732	5.9447833
4733	5.9447833
4734	5.9447833
4735	5.9447833
4736	5.9447833
4737	5.6709551
4738	5.6709551
4739	5.7169564
4740	5.9732177
4741	5.9732177
4742	4.0433287
4743	4.0433287
4744	4.0433287
4745	4.2636675
4746	4.2636675
4747	5.3461281
4748	5.7096482
4749	5.7096482
4750	5.7096482
4751	5.7096482
4752	5.7096482
4753	5.7096482
4754	4.6229108
4755	5.9199044
4756	5.9199044
4757	5.4951847
4758	5.4951847
4759	4.8630784
4760	4.8630784
4761	5.9055891
4762	5.9055891
4763	5.9236573
4764	5.9236573
4765	5.9236573
4766	5.8726786
4767	5.8247029
4768	5.8247029
4769	5.8547727
4770	5.8547727
4771	5.8547727
4772	5.8547727
4773	5.8547727
4774	5.8547727
4775	5.8547727
4776	5.8547727
4777	5.2456705
4778	5.6118095
4779	5.591416
4780	5.875003
4781	5.875003
4782	5.5987085
4783	5.5987085
4784	5.5987085
4785	5.2751819
4786	5.2751819
4787	5.2751819
4788	4.7303607
4789	5.8782571
4790	5.8782571
4791	5.8782571
4792	5.8782571
4793	5.295858
4794	5.295858
4795	5.295858
4796	5.182983
4797	5.182983
4798	5.0542794
4799	4.3276057
4800	4.6618708
4801	4.6618708
4802	4.3499332
4803	2.7671487
4804	4.8726426
4805	4.8726426
4806	4.8726426
4807	4.8726426
4808	5.3839015
4809	5.3839015
4810	5.3839015
4811	5.3839015
4812	5.3839015
4813	4.8644384
4814	5.6452249
4815	5.5002429
4816	5.8442437
4817	5.3464516
4818	4.808243
4819	4.808243
4820	4.737797
4821	5.4334611
4822	5.4334611
4823	5.4304759
4824	5.4304759
4825	5.8575768
4826	5.8575768
4827	5.8575768
4828	5.8575768
4829	5.8575768
4830	5.2715317
4831	5.192665
4832	5.192665
4833	5.8177289
4834	5.8177289
4835	5.80691
4836	5.6456484
4837	5.6778035
4838	5.6778035
4839	5.6778035
4840	5.5045308
4841	5.4470264
4842	5.5203787
4843	5.5203787
4844	5.5203787
4845	5.8085323
4846	5.8085323
4847	5.8085323
4848	5.4257463
4849	5.3042742
4850	5.3042742
4851	5.3042742
4852	5.8541756
4853	5.0029584
4854	4.0652549
4855	4.4129337
4856	4.4129337
4857	4.4129337
4858	4.8853985
4859	5.7540529
4860	5.9028324
4861	5.9028324
4862	5.8315129
4863	5.7759562
4864	5.7759562
4865	5.7759562
4866	5.7759562
4867	5.7759562
4868	5.6505823
4869	5.7495847
4870	5.7495847
4871	5.7495847
4872	5.8024386
4873	5.9013253
4874	5.6699442
4875	5.9306168
4876	5.8727704
4877	5.8727704
4878	5.8727704
4879	5.8727704
4880	5.7998149
4881	5.7998149
4882	5.9112487
4883	5.3250998
4884	5.3250998
4885	4.639906
4886	4.4311531
4887	2.937468
4888	2.937468
4889	5.2004781
4890	5.9320698
4891	5.6722036
4892	5.6722036
4893	5.6722036
4894	5.8480108
4895	5.8480108
4896	5.8480108
4897	5.8480108
4898	5.7658424
4899	5.7658424
4900	5.7658424
4901	5.7596494
4902	5.5127971
4903	3.8313403
4904	3.8313403
4905	3.5320602
4906	3.5320602
4907	5.0594477
4908	5.4416008
4909	5.4416008
4910	5.7922847
4911	5.7012928
4912	5.7012928
4913	5.7012928
4914	5.8283198
4915	5.8283198
4916	5.8283198
4917	5.844903
4918	5.320007
4919	5.320007
4920	5.4088318
4921	5.4514336
4922	4.151449
4923	3.4246373
4924	3.4246373
4925	3.4246373
4926	3.4246373
4927	5.6538475
4928	5.6538475
4929	5.6538475
4930	5.6538475
4931	5.6538475
4932	5.6538475
4933	5.8636864
4934	5.8636864
4935	5.8389119
4936	5.3936999
4937	4.7494016
4938	4.7866871
4939	4.7866871
4940	5.2068448
4941	5.6802153
4942	5.3200202
4943	5.3200202
4944	5.3200202
4945	5.7095635
4946	5.7095635
4947	5.7095635
4948	5.7652261
4949	5.7652261
4950	5.7626931
4951	5.8706026
4952	5.312619
4953	4.9491216
4954	5.6611784
4955	5.6611784
4956	5.6611784
4957	5.6611784
4958	5.7263019
4959	5.2799907
4960	5.671999
4961	5.1315038
4962	5.9284994
4963	5.9284994
4964	5.1457795
4965	5.8249336
4966	5.2447952
4967	5.2447952
4968	5.2447952
4969	5.8866153
4970	5.6827753
4971	5.6827753
4972	5.7012275
4973	5.3108456
4974	5.3108456
4975	5.3108456
4976	5.5917483
4977	5.3787331
4978	5.3787331
4979	5.3787331
4980	5.3787331
4981	4.5794626
4982	5.0583097
4983	5.0583097
4984	3.4948714
4985	3.4948714
4986	3.4948714
4987	5.8497814
4988	5.1226321
4989	5.1226321
4990	5.1226321
4991	5.1226321
4992	5.1226321
4993	4.4752929
4994	5.3243921
4995	5.5743841
4996	5.8548672
4997	5.8548672
4998	5.8548672
4999	5.8548672
