0	5.8548672
1	8.7367948
2	8.7650856
3	8.8732603
4	8.8963857
5	8.8963857
6	8.1666773
7	8.9337488
8	6.3945516
9	5.8466713
10	5.2158179
11	5.2158179
12	5.2158179
13	5.3721163
14	7.1030617
15	7.3949504
16	7.3949504
17	8.2289045
18	8.2289045
19	8.2289045
20	8.2289045
21	8.2289045
22	8.2289045
23	8.2289045
24	8.2289045
25	8.3611241
26	7.5668413
27	7.5668413
28	8.5124346
29	8.3088385
30	8.3088385
31	8.3088385
32	8.2605751
33	8.2605751
34	8.2605751
35	8.0545211
36	8.3949262
37	8.3949262
38	8.7956628
39	8.7956628
40	8.7956628
41	8.7956628
42	8.7956628
43	8.7956628
44	8.7956628
45	8.7956628
46	8.1279357
47	8.1279357
48	8.1279357
49	8.1279357
50	8.2120399
51	5.1425628
52	5.1425628
53	5.1425628
54	8.7373522
55	8.7373522
56	8.7373522
57	8.7373522
58	8.3890609
59	8.3890609
60	7.9595305
61	7.9595305
62	7.9595305
63	7.9595305
64	6.492402
65	6.492402
66	6.8298626
67	6.8298626
68	8.5335164
69	8.9814065
70	8.9814065
71	8.8756805
72	8.9992671
73	8.9992671
74	8.9992671
75	7.9393711
76	7.6080842
77	7.6080842
78	7.6080842
79	8.349007
80	8.349007
81	6.1550045
82	8.4692779
83	8.4692779
84	8.4692779
85	8.2991763
86	8.0172077
87	8.0172077
88	8.3838063
89	8.3838063
90	8.3838063
91	8.3838063
92	8.3838063
93	8.7469785
94	8.7469785
95	8.7469785
96	8.7469785
97	8.7469785
98	7.1968465
99	8.1577087
100	8.1577087
101	8.6340265
102	8.8451599
103	8.6546749
104	8.7000523
105	8.2771627
106	6.5936655
107	4.6280171
108	4.6280171
109	4.6280171
110	3.4727181
111	7.3229218
112	6.8776884
113	6.8776884
114	6.8776884
115	8.7065399
116	8.1012575
117	8.3122173
118	8.3122173
119	8.5341033
120	6.7538693
121	6.3813939
122	7.4067096
123	8.5246833
124	8.5246833
125	8.7282848
126	7.7459225
127	7.7459225
128	7.8415171
129	8.0770287
130	8.4301418
131	8.4301418
132	8.4301418
133	8.1738452
134	8.1738452
135	8.1738452
136	8.1738452
137	7.4667565
138	7.966379
139	5.6759085
140	5.6759085
141	5.6759085
142	5.6759085
143	5.6759085
144	2.2791189
145	2.8656177
146	2.8656177
147	2.8656177
148	2.8656177
149	2.8656177
150	5.7531774
151	5.7531774
152	5.7531774
153	4.9072848
154	8.1218718
155	8.3321476
156	8.3321476
157	7.7101233
158	8.9684049
159	8.9684049
160	6.1179272
161	7.9470725
162	7.9470725
163	8.9240954
164	8.9240954
165	8.9240954
166	8.9240954
167	8.4694558
168	8.3902096
169	7.6614072
170	7.8203016
171	7.8203016
172	6.0258329
173	6.0258329
174	7.1606599
175	8.4667706
176	8.4667706
177	8.4667706
178	8.4667706
179	8.4667706
180	4.7364602
181	4.7364602
182	6.8125449
183	8.7050254
184	8.7050254
185	8.7050254
186	7.9170785
187	4.5990116
188	3.8388498
189	3.8388498
190	6.3381384
191	6.3381384
192	6.3381384
193	6.3381384
194	6.3381384
195	6.3381384
196	6.3381384
197	6.3381384
198	8.5567669
199	7.8763131
200	7.8763131
201	8.9515413
202	8.9515413
203	8.9515413
204	8.9515413
205	7.4234635
206	7.1065352
207	5.9004827
208	5.9004827
209	5.9004827
210	5.7267981
211	5.7267981
212	5.7267981
213	8.2357378
214	7.9246409
215	7.9246409
216	7.9246409
217	8.5205318
218	8.9115382
219	8.9115382
220	8.9115382
221	7.151719
222	8.82073
223	8.82073
224	8.1527487
225	8.1905776
226	8.1905776
227	8.1839133
228	8.1839133
229	8.1839133
230	8.1839133
231	8.1839133
232	8.2547436
233	8.2547436
234	8.2547436
235	8.7422285
236	8.7422285
237	6.0349139
238	5.7575169
239	5.7575169
240	8.8065758
241	8.1684388
242	6.583395
243	8.3782818
244	8.3782818
245	8.3782818
246	8.3782818
247	8.3782818
248	8.4053486
249	8.4053486
250	7.5429105
251	8.7792587
252	6.6216422
253	6.6216422
254	6.6295058
255	8.6472578
256	8.6472578
257	7.6086614
258	8.8754959
259	8.8754959
260	8.8754959
261	8.8754959
262	8.8754959
263	8.616967
264	8.616967
265	8.616967
266	8.616967
267	7.9014075
268	8.4132526
269	8.4132526
270	8.4132526
271	8.4132526
272	8.4132526
273	8.4132526
274	7.8221691
275	7.8221691
276	7.8221691
277	7.459791
278	7.9695988
279	7.9695988
280	7.9695988
281	8.7182655
282	8.7182655
283	8.7182655
284	7.2306515
285	7.2306515
286	8.1620451
287	8.1620451
288	8.7986614
289	8.7986614
290	8.7986614
291	8.7986614
292	8.7986614
293	8.7986614
294	8.7007417
295	8.7007417
296	8.0886766
297	8.0886766
298	8.7228911
299	8.7228911
300	8.7228911
301	8.7228911
302	8.7228911
303	8.7228911
304	7.9735891
305	7.3842947
306	4.5258207
307	5.4194296
308	8.0624563
309	8.0624563
310	8.0624563
311	8.3034796
312	7.6820564
313	8.9149998
314	8.9149998
315	8.1577884
316	7.1811791
317	7.1811791
318	6.9395352
319	6.9395352
320	6.9395352
321	6.9395352
322	6.9395352
323	8.227088
324	7.3849862
325	8.1748586
326	8.1748586
327	8.1748586
328	8.1748586
329	8.1748586
330	8.1748586
331	8.1748586
332	8.1748586
333	8.1748586
334	8.1748586
335	8.5980449
336	8.5980449
337	8.7819981
338	7.8939525
339	7.8939525
340	7.8939525
341	7.8939525
342	6.3939624
343	7.3582329
344	7.3582329
345	7.3582329
346	7.0903009
347	7.0403737
348	7.0403737
349	7.0403737
350	5.585563
351	7.7556738
352	7.8282714
353	7.8282714
354	6.8839223
355	6.8839223
356	6.5050146
357	6.7999536
358	6.7999536
359	6.7999536
360	6.7999536
361	6.0089431
362	6.0089431
363	6.0089431
364	5.5486694
365	4.307046
366	4.307046
367	8.4831238
368	8.6717208
369	8.5992804
370	8.5992804
371	8.6398939
372	7.3649578
373	7.3649578
374	7.3649578
375	7.0998195
376	6.0704632
377	6.0704632
378	8.2443878
379	7.5841889
380	8.3721556
381	7.4668527
382	6.8351329
383	6.8351329
384	6.8351329
385	6.8351329
386	6.5964269
387	8.708451
388	8.708451
389	8.708451
390	8.708451
391	8.708451
392	8.708451
393	8.708451
394	8.708451
395	8.6874612
396	8.4296799
397	8.4296799
398	6.5740393
399	8.0067218
400	8.5204251
401	8.6047304
402	8.7787925
403	8.8782324
404	8.9433757
405	8.9433757
406	8.9955699
407	7.4001041
408	5.326322
409	4.7117223
410	4.7117223
411	4.7117223
412	4.9246295
413	4.9246295
414	5.348317
415	7.0225887
416	7.0225887
417	6.9095086
418	6.9095086
419	7.1875693
420	7.1875693
421	8.8306279
422	8.8306279
423	5.9855525
424	7.5158587
425	7.1451752
426	7.3401347
427	7.3401347
428	7.7512697
429	7.7512697
430	7.3206709
431	7.3206709
432	7.3206709
433	7.3206709
434	8.2420879
435	8.2420879
436	8.2420879
437	8.3004489
438	8.9855605
439	8.7318034
440	8.7318034
441	7.9168262
442	8.8950408
443	8.8950408
444	8.8950408
445	8.994162
446	8.994162
447	7.6274489
448	7.6274489
449	6.91009
450	6.91009
451	6.91009
452	3.3597437
453	4.98317
454	6.3415124
455	8.7320846
456	8.2659764
457	5.3538348
458	5.3538348
459	5.3538348
460	1.3205167
461	4.7627247
462	4.7627247
463	4.7627247
464	4.7627247
465	3.8014752
466	3.8014752
467	3.8014752
468	3.8014752
469	3.8014752
470	3.8014752
471	3.8014752
472	4.6985571
473	4.6985571
474	4.6985571
475	5.2616732
476	4.8225296
477	4.8225296
478	4.8225296
479	4.8225296
480	4.8225296
481	7.1343072
482	7.1343072
483	7.1343072
484	7.1343072
485	7.1343072
486	4.9045851
487	4.9045851
488	6.7682728
489	8.840191
490	8.840191
491	8.6792958
492	8.6792958
493	8.6792958
494	8.6792958
495	8.6792958
496	6.4277177
497	6.4277177
498	7.0198401
499	8.2609766
500	7.9019503
501	7.9019503
502	7.9019503
503	7.9019503
504	8.8727082
505	8.8727082
506	8.8727082
507	8.8727082
508	8.2936888
509	8.8298991
510	8.3554561
511	8.3554561
512	7.9388094
513	8.9944145
514	8.9944145
515	8.9944145
516	8.9944145
517	8.9944145
518	8.9944145
519	8.9944145
520	8.9384415
521	8.9384415
522	8.4282704
523	8.4282704
524	8.5933688
525	8.5933688
526	8.5933688
527	8.5933688
528	8.0255628
529	6.8517993
530	6.8517993
531	6.8517993
532	6.8517993
533	7.0855232
534	7.0855232
535	8.3443483
536	8.3443483
537	6.2806891
538	6.2806891
539	6.2806891
540	7.7920275
541	7.7920275
542	4.9003688
543	8.4034361
544	8.7234737
545	7.4936306
546	7.4936306
547	7.3783049
548	7.3783049
549	8.7183318
550	8.6088136
551	8.6088136
552	8.6088136
553	8.6088136
554	8.6088136
555	7.3129144
556	7.3129144
557	5.7180381
558	6.8898363
559	6.8898363
560	8.1245891
561	8.1245891
562	8.7159416
563	8.6107086
564	7.4802951
565	7.0886558
566	7.0886558
567	7.0886558
568	7.0886558
569	7.4972786
570	7.4972786
571	8.8388821
572	8.8388821
573	8.8388821
574	8.8388821
575	8.8388821
576	8.8388821
577	6.3694211
578	6.8838069
579	6.8838069
580	7.7586741
581	6.9412109
582	6.9412109
583	5.7531924
584	6.2546898
585	8.1207886
586	8.230679
587	8.4578069
588	8.4578069
589	8.4578069
590	8.9548403
591	8.2941921
592	8.1949355
593	6.0150638
594	6.0150638
595	8.9414369
596	8.3627749
597	8.3627749
598	8.3378499
599	8.3378499
600	8.3378499
601	8.3378499
602	8.3378499
603	8.4287212
604	8.4287212
605	8.5953207
606	8.327802
607	8.327802
608	8.327802
609	8.327802
610	8.327802
611	8.8961947
612	7.4823505
613	7.4823505
614	7.4823505
615	6.8299365
616	6.8299365
617	6.8299365
618	6.109746
619	6.109746
620	8.6924864
621	8.505237
622	8.505237
623	8.505237
624	6.5167073
625	3.9027082
626	8.162951
627	8.162951
628	8.162951
629	8.7026281
630	7.5927092
631	8.2188083
632	8.2188083
633	8.2188083
634	8.3000761
635	6.0865384
636	6.0865384
637	6.0865384
638	6.3535735
639	6.3535735
640	4.9087934
641	4.9087934
642	4.9087934
643	4.9087934
644	5.7577522
645	5.7577522
646	7.9331574
647	7.9331574
648	7.9331574
649	7.9331574
650	7.9331574
651	8.1163627
652	8.7841666
653	8.7841666
654	7.8564008
655	7.8435028
656	8.6511129
657	7.9162518
658	7.9162518
659	7.9162518
660	8.9359853
661	8.7665504
662	7.1543337
663	7.1543337
664	8.9438987
665	8.9438987
666	8.9438987
667	8.9438987
668	8.9438987
669	8.9438987
670	8.9438987
671	8.8009358
672	8.8009358
673	5.4951852
674	4.4841664
675	4.5000291
676	2.8911189
677	2.8911189
678	2.8911189
679	5.7019525
680	5.7019525
681	7.3826663
682	6.5491806
683	6.5491806
684	8.6643154
685	8.7373054
686	8.7373054
687	8.7373054
688	8.5963584
689	8.5963584
690	8.5963584
691	8.3042666
692	8.8582444
693	8.8582444
694	8.8582444
695	8.8582444
696	8.8582444
697	8.0203594
698	7.6296978
699	7.6296978
700	7.6296978
701	7.6296978
702	7.4888576
703	7.3024761
704	8.4923269
705	8.4923269
706	7.9120379
707	8.94573
708	8.94573
709	8.94573
710	8.94573
711	8.94573
712	8.5238433
713	7.8607408
714	6.9767912
715	6.9051078
716	6.9051078
717	6.4671222
718	8.3287548
719	8.3287548
720	8.3287548
721	8.7046502
722	8.8802191
723	8.8802191
724	8.8802191
725	8.8802191
726	8.8802191
727	8.9977667
728	8.8570244
729	8.8570244
730	8.4551857
731	8.704885
732	8.6588151
733	8.3367024
734	8.9021858
735	8.9021858
736	8.9021858
737	8.9819666
738	8.8871904
739	8.5477126
740	8.5477126
741	8.5477126
742	7.5341315
743	8.198021
744	8.1753382
745	8.1753382
746	8.7522601
747	8.7522601
748	8.7522601
749	8.8068341
750	8.8068341
751	8.8068341
752	8.8068341
753	5.8163993
754	6.5134278
755	6.5134278
756	6.5134278
757	6.5134278
758	7.8621584
759	8.3451593
760	7.411396
761	8.2771459
762	8.2771459
763	8.3272068
764	8.388078
765	8.6898133
766	8.6898133
767	8.8461939
768	8.8461939
769	8.8461939
770	8.8461939
771	8.8461939
772	8.8461939
773	8.0491837
774	8.0491837
775	8.0491837
776	8.0491837
777	8.800187
778	8.39681
779	8.9259631
780	8.9259631
781	8.9491277
782	8.9491277
783	7.2432192
784	4.9416772
785	4.9416772
786	4.9416772
787	7.0067027
788	7.0067027
789	7.2480348
790	8.5762283
791	8.5762283
792	8.3049118
793	8.3049118
794	8.8248066
795	8.2266396
796	8.2266396
797	8.4672334
798	8.4672334
799	8.4939199
800	8.4939199
801	8.9920843
802	7.9504462
803	8.606745
804	8.7993778
805	8.4501933
806	7.7019526
807	7.7019526
808	7.7019526
809	7.7019526
810	5.9579912
811	6.957142
812	7.0038998
813	8.3038285
814	8.1949331
815	7.6568059
816	8.9352003
817	8.9352003
818	7.7933335
819	8.9232506
820	7.5836791
821	8.5775909
822	7.7862015
823	8.0577617
824	8.9403918
825	8.7059248
826	8.7059248
827	7.4035704
828	7.4035704
829	7.5817777
830	7.5817777
831	7.5817777
832	7.5817777
833	7.9871171
834	7.7908589
835	5.7702661
836	5.7702661
837	8.8139541
838	8.8139541
839	8.5626569
840	8.6519337
841	8.6519337
842	8.6519337
843	7.4553969
844	6.7122986
845	6.8229607
846	6.0431376
847	5.9905671
848	7.9095699
849	7.9095699
850	7.9095699
851	4.3757081
852	6.4853483
853	6.4853483
854	6.4853483
855	8.2422566
856	7.4447954
857	7.4447954
858	8.2437521
859	8.2437521
860	8.576086
861	8.576086
862	8.576086
863	6.6861735
864	8.8117949
865	8.8117949
866	8.8117949
867	8.4076143
868	7.685425
869	7.685425
870	7.685425
871	7.685425
872	7.685425
873	7.685425
874	8.9109294
875	8.9109294
876	7.7097469
877	6.0302732
878	6.0302732
879	6.0302732
880	6.0302732
881	7.0744185
882	7.5587382
883	6.0722882
884	6.0722882
885	6.1883098
886	4.2116661
887	4.2116661
888	7.6048154
889	8.8337828
890	8.9087583
891	7.4116971
892	8.2067405
893	8.4053856
894	8.4053856
895	8.1110369
896	8.1110369
897	8.1110369
898	8.6023738
899	7.83405
900	7.6298963
901	8.7154091
902	8.7154091
903	8.7154091
904	8.7154091
905	8.7154091
906	8.7255786
907	7.6151957
908	6.4034059
909	8.5897387
910	8.5897387
911	8.5897387
912	8.5897387
913	8.1336908
914	5.6557796
915	5.6557796
916	5.6557796
917	5.7082292
918	8.4965626
919	8.7458464
920	8.0892661
921	8.0892661
922	8.0844182
923	7.7999805
924	7.7999805
925	8.3227133
926	8.3227133
927	8.3227133
928	8.3227133
929	8.3227133
930	7.773564
931	7.773564
932	8.811562
933	7.9209086
934	7.9209086
935	8.9348898
936	8.9348898
937	8.9575501
938	8.0055278
939	8.779709
940	8.779709
941	7.8011991
942	7.8011991
943	7.8011991
944	8.2377285
945	8.2377285
946	8.2377285
947	8.2377285
948	7.3748346
949	5.6517908
950	7.6287605
951	6.9551161
952	6.9551161
953	6.9551161
954	6.9551161
955	7.5817878
956	8.9050158
957	7.783313
958	7.783313
959	8.2061619
960	7.6306238
961	7.6306238
962	2.8608222
963	6.5284181
964	8.6478394
965	7.1767044
966	7.2652384
967	7.4397137
968	7.8588563
969	7.8588563
970	7.6702803
971	7.6702803
972	8.3924031
973	5.9147545
974	8.5454565
975	8.3700562
976	8.5527653
977	6.8710952
978	6.8710952
979	6.8710952
980	6.8710952
981	6.8710952
982	6.8710952
983	8.6819964
984	8.6819964
985	8.6819964
986	8.3871946
987	8.3871946
988	8.7593527
989	8.7593527
990	8.7593527
991	8.7593527
992	7.4814595
993	7.7365384
994	7.9299738
995	6.8552729
996	6.633004
997	7.61392
998	8.469753
999	7.8820795
1000	7.8820795
1001	7.8820795
1002	8.2106756
1003	8.2106756
1004	8.949686
1005	8.949686
1006	8.949686
1007	8.949686
1008	8.949686
1009	8.949686
1010	7.9534199
1011	8.412838
1012	8.412838
1013	8.5584052
1014	8.5584052
1015	8.5584052
1016	8.1095856
1017	8.7666718
1018	8.7666718
1019	6.7204636
1020	8.2630661
1021	8.5235205
1022	8.5235205
1023	8.7519074
1024	8.7519074
1025	8.7519074
1026	6.9651132
1027	6.9651132
1028	5.0243268
1029	5.0243268
1030	5.0243268
1031	5.0243268
1032	5.0243268
1033	5.0243268
1034	8.4929709
1035	8.4929709
1036	7.2574269
1037	7.2574269
1038	7.0759052
1039	7.0759052
1040	8.8353673
1041	7.3958373
1042	7.3958373
1043	7.3958373
1044	7.2107321
1045	7.2107321
1046	7.2107321
1047	7.2107321
1048	7.2107321
1049	8.9376223
1050	8.9376223
1051	8.9376223
1052	8.9376223
1053	8.9376223
1054	7.7303983
1055	8.5743125
1056	8.5743125
1057	8.5743125
1058	8.9619824
1059	8.9619824
1060	8.0582687
1061	8.8052338
1062	8.8052338
1063	7.7509096
1064	6.555133
1065	6.8517753
1066	6.8517753
1067	7.4135981
1068	7.4135981
1069	5.9619161
1070	7.3286377
1071	6.887166
1072	6.887166
1073	6.887166
1074	8.4101029
1075	8.4101029
1076	7.7698149
1077	7.7693369
1078	7.7693369
1079	7.7693369
1080	7.7693369
1081	6.9665766
1082	6.9665766
1083	8.0338202
1084	8.0338202
1085	8.5794204
1086	8.463749
1087	8.463749
1088	8.7118814
1089	8.3924543
1090	8.3924543
1091	8.3924543
1092	8.3924543
1093	8.8329119
1094	7.5479904
1095	6.9513101
1096	6.9513101
1097	6.9513101
1098	8.8458921
1099	8.8458921
1100	8.6583281
1101	8.6583281
1102	8.6583281
1103	8.6583281
1104	8.6583281
1105	8.6583281
1106	7.7087732
1107	4.6436032
1108	4.8973599
1109	7.2793509
1110	7.2793509
1111	8.2298695
1112	8.1135737
1113	8.1135737
1114	8.5403489
1115	7.1357644
1116	8.1925882
1117	8.9921412
1118	8.9921412
1119	8.9921412
1120	8.9921412
1121	8.9921412
1122	8.9921412
1123	8.9921412
1124	8.9921412
1125	8.9921412
1126	8.9921412
1127	7.2074168
1128	7.2074168
1129	7.2074168
1130	8.3646833
1131	8.3646833
1132	8.6338109
1133	7.7833106
1134	7.7833106
1135	7.8401362
1136	7.8401362
1137	7.8401362
1138	7.8401362
1139	6.9159711
1140	6.5485969
1141	8.2849483
1142	8.2849483
1143	6.5616068
1144	7.3674189
1145	7.3674189
1146	7.3674189
1147	7.7455529
1148	7.7455529
1149	7.7455529
1150	7.7455529
1151	8.002523
1152	8.002523
1153	8.002523
1154	5.3706112
1155	7.5069662
1156	7.5069662
1157	7.5069662
1158	8.704029
1159	8.704029
1160	8.7466286
1161	8.8312493
1162	8.8312493
1163	4.9955802
1164	6.5036822
1165	6.5036822
1166	6.5036822
1167	6.5036822
1168	6.5036822
1169	8.8341461
1170	7.745267
1171	6.6476927
1172	6.6476927
1173	6.6476927
1174	7.506184
1175	7.506184
1176	8.9445934
1177	8.9395029
1178	7.2507531
1179	7.4898893
1180	7.4898893
1181	7.8657049
1182	8.2636968
1183	8.2636968
1184	8.7294918
1185	8.2336466
1186	6.8474182
1187	7.6020713
1188	7.3558041
1189	7.1780903
1190	7.1780903
1191	7.4356107
1192	6.2244459
1193	8.0091407
1194	8.0091407
1195	8.3968718
1196	8.3968718
1197	8.614988
1198	8.7686572
1199	8.7686572
1200	8.7686572
1201	8.9141496
1202	7.2202716
1203	7.2202716
1204	6.782772
1205	7.8708813
1206	7.5265536
1207	7.5604393
1208	7.6327309
1209	7.6327309
1210	7.6327309
1211	8.885913
1212	8.885913
1213	8.885913
1214	8.885913
1215	7.8854298
1216	8.3336485
1217	8.3336485
1218	8.3336485
1219	8.3336485
1220	8.4745529
1221	8.6099795
1222	7.2362168
1223	7.1666388
1224	8.9859153
1225	8.9859153
1226	8.9859153
1227	8.9859153
1228	7.7053509
1229	8.9035794
1230	8.9035794
1231	8.5067237
1232	8.5067237
1233	8.5067237
1234	6.9190331
1235	8.5322521
1236	6.8858524
1237	6.8858524
1238	8.4251199
1239	7.3423892
1240	7.3423892
1241	7.013089
1242	7.013089
1243	7.6012919
1244	7.6012919
1245	7.6012919
1246	7.6012919
1247	8.8728903
1248	8.8728903
1249	8.8728903
1250	7.9117177
1251	7.9117177
1252	8.3956696
1253	8.4054953
1254	8.6657417
1255	8.2717897
1256	8.7795206
1257	6.4208635
1258	8.9421467
1259	8.497193
1260	7.9615221
1261	6.5704436
1262	7.5178048
1263	7.5178048
1264	5.8962438
1265	5.8962438
1266	5.8962438
1267	5.8962438
1268	5.8962438
1269	5.8962438
1270	7.5425697
1271	7.5425697
1272	8.4084797
1273	8.3286134
1274	8.3286134
1275	8.6149422
1276	8.6149422
1277	8.6149422
1278	8.6149422
1279	8.6149422
1280	8.3408463
1281	8.3408463
1282	8.6693328
1283	8.6313988
1284	8.6313988
1285	8.6313988
1286	8.6313988
1287	8.6313988
1288	8.6313988
1289	8.7014645
1290	8.7014645
1291	8.7014645
1292	8.7014645
1293	6.6874253
1294	3.2142739
1295	6.2341866
1296	7.549551
1297	7.549551
1298	8.7641259
1299	8.7183238
1300	8.7183238
1301	8.7183238
1302	8.1257633
1303	8.1257633
1304	7.9875579
1305	7.9875579
1306	7.9875579
1307	7.9875579
1308	8.5723263
1309	8.5723263
1310	8.5723263
1311	8.8930876
1312	8.5152776
1313	8.5152776
1314	8.5152776
1315	8.5152776
1316	8.1938527
1317	7.6130558
1318	8.573777
1319	7.3195433
1320	7.3195433
1321	7.3195433
1322	7.1456231
1323	8.1808635
1324	8.7658012
1325	8.7658012
1326	8.7658012
1327	8.3307958
1328	8.3307958
1329	6.2938866
1330	6.2938866
1331	8.0567283
1332	8.6874243
1333	8.6874243
1334	8.9101423
1335	8.9827385
1336	8.9827385
1337	8.9827385
1338	8.9827385
1339	8.9827385
1340	8.9827385
1341	8.9827385
1342	8.3595796
1343	8.3595796
1344	8.0723689
1345	8.0723689
1346	8.0723689
1347	8.4631995
1348	8.4941748
1349	8.4941748
1350	8.4941748
1351	8.4941748
1352	8.4941748
1353	7.5195663
1354	6.1002636
1355	6.1002636
1356	6.1002636
1357	6.1002636
1358	6.280285
1359	4.7489355
1360	4.7489355
1361	4.7489355
1362	3.9809336
1363	8.4481379
1364	8.4481379
1365	8.6794595
1366	8.6794595
1367	7.7649786
1368	6.9839296
1369	6.3991584
1370	7.4915157
1371	7.4915157
1372	4.7188184
1373	4.7188184
1374	4.7188184
1375	5.1596307
1376	5.1596307
1377	7.6123368
1378	7.6123368
1379	8.7405315
1380	8.7405315
1381	8.7405315
1382	8.7405315
1383	8.7405315
1384	8.7405315
1385	8.7214579
1386	8.7214579
1387	8.5585636
1388	8.6181996
1389	8.7547345
1390	8.7547345
1391	8.8610133
1392	7.9185507
1393	8.1101954
1394	7.7796694
1395	7.7796694
1396	7.7796694
1397	8.0850682
1398	8.0850682
1399	8.0850682
1400	8.0850682
1401	8.0850682
1402	8.0850682
1403	8.0850682
1404	8.0850682
1405	3.663801
1406	6.6426504
1407	6.6426504
1408	6.6426504
1409	6.6426504
1410	8.7694447
1411	8.7694447
1412	7.0522027
1413	7.0522027
1414	8.8937953
1415	8.8937953
1416	8.8937953
1417	8.8937953
1418	8.5537798
1419	8.6020398
1420	8.6020398
1421	8.6020398
1422	8.5516868
1423	8.5516868
1424	8.5516868
1425	8.8946098
1426	8.6120367
1427	6.6193183
1428	6.6193183
1429	5.6225237
1430	6.6448964
1431	6.6448964
1432	6.6448964
1433	6.6448964
1434	6.6448964
1435	6.1912048
1436	6.6101952
1437	6.6101952
1438	6.6101952
1439	8.4408848
1440	8.4408848
1441	8.8909288
1442	7.7321471
1443	7.7321471
1444	7.7321471
1445	7.7321471
1446	8.1018846
1447	8.6162092
1448	8.6162092
1449	8.6162092
1450	7.333604
1451	8.3145283
1452	8.3145283
1453	6.6485894
1454	6.6485894
1455	6.6485894
1456	7.1435917
1457	8.8564866
1458	8.8564866
1459	7.9882663
1460	7.9882663
1461	8.2974663
1462	8.318036
1463	8.6491711
1464	8.6491711
1465	8.8111325
1466	8.5761449
1467	8.5761449
1468	8.5761449
1469	8.5761449
1470	8.5761449
1471	8.8821264
1472	8.8821264
1473	8.8821264
1474	8.8821264
1475	8.8821264
1476	8.6983124
1477	8.6983124
1478	6.3581967
1479	6.2622684
1480	8.6563814
1481	8.101286
1482	8.101286
1483	8.101286
1484	7.6394378
1485	8.6186218
1486	8.6186218
1487	8.6186218
1488	8.4594632
1489	8.4594632
1490	8.4594632
1491	7.9421943
1492	6.7684014
1493	6.7684014
1494	6.7684014
1495	6.7684014
1496	6.7684014
1497	6.7684014
1498	6.7684014
1499	8.8062694
1500	8.901702
1501	8.901702
1502	5.3814369
1503	5.3814369
1504	5.3814369
1505	5.3814369
1506	5.3814369
1507	6.1308848
1508	6.1308848
1509	3.9823369
1510	8.7609306
1511	8.5467531
1512	7.9577252
1513	8.7983968
1514	7.2391242
1515	7.6866368
1516	8.4635742
1517	8.4635742
1518	8.8151919
1519	8.8151919
1520	8.8151919
1521	8.6093781
1522	8.7441456
1523	8.7441456
1524	8.7441456
1525	8.7441456
1526	8.9093678
1527	8.9093678
1528	8.9093678
1529	7.5099938
1530	7.5099938
1531	7.5099938
1532	8.5972098
1533	8.5354587
1534	8.7812952
1535	8.1418576
1536	8.9157319
1537	8.2531415
1538	8.3981458
1539	6.5098728
1540	6.5098728
1541	7.9968774
1542	7.9968774
1543	6.339274
1544	8.9772587
1545	8.9772587
1546	8.9772587
1547	8.9772587
1548	8.9772587
1549	8.9772587
1550	8.9772587
1551	8.9772587
1552	8.9772587
1553	8.9772587
1554	8.9772587
1555	8.9772587
1556	8.8897663
1557	8.8897663
1558	8.8897663
1559	8.8897663
1560	8.8897663
1561	8.8897663
1562	8.8897663
1563	6.0825497
1564	8.1568395
1565	6.9134534
1566	5.3304314
1567	6.6093688
1568	8.7166131
1569	8.7166131
1570	8.6551397
1571	8.6551397
1572	8.6551397
1573	8.6551397
1574	8.6551397
1575	8.6551397
1576	8.6551397
1577	8.6551397
1578	8.633818
1579	8.633818
1580	8.633818
1581	7.5166611
1582	8.7342256
1583	7.9687981
1584	7.9687981
1585	7.9687981
1586	7.9687981
1587	7.9687981
1588	8.4134483
1589	8.0457365
1590	8.5856668
1591	8.8213796
1592	8.8213796
1593	8.9804832
1594	8.4328753
1595	8.0365696
1596	8.0365696
1597	8.0365696
1598	7.0119259
1599	7.0119259
1600	6.5794245
1601	6.5794245
1602	7.6528928
1603	7.6528928
1604	7.6528928
1605	8.8782626
1606	8.8782626
1607	8.911051
1608	8.911051
1609	8.911051
1610	8.911051
1611	8.911051
1612	7.0900324
1613	8.0543743
1614	8.534098
1615	8.3190748
1616	7.7816299
1617	7.3680341
1618	8.1792318
1619	7.0140863
1620	6.4900082
1621	5.2988885
1622	5.2988885
1623	8.597982
1624	8.9271485
1625	8.549025
1626	8.549025
1627	8.549025
1628	7.3699685
1629	7.3699685
1630	8.6386418
1631	8.3106555
1632	8.3106555
1633	8.3106555
1634	8.3106555
1635	8.3106555
1636	4.7851529
1637	3.5655748
1638	3.5655748
1639	3.5655748
1640	5.3250429
1641	6.017484
1642	6.017484
1643	7.5920946
1644	7.5920946
1645	8.3089946
1646	8.3089946
1647	8.3089946
1648	8.6794748
1649	8.0030424
1650	8.560232
1651	8.560232
1652	8.560232
1653	7.5579436
1654	7.851082
1655	7.8151781
1656	8.7750998
1657	8.7750998
1658	8.7750998
1659	8.2346219
1660	8.2837868
1661	8.5890481
1662	8.1811762
1663	8.1811762
1664	8.1811762
1665	7.2192915
1666	7.2192915
1667	7.5656156
1668	8.2840225
1669	7.3046175
1670	7.3046175
1671	7.2794915
1672	6.38376
1673	6.38376
1674	6.38376
1675	7.5477582
1676	8.971832
1677	8.971832
1678	8.807492
1679	8.807492
1680	8.9054203
1681	8.9054203
1682	8.352664
1683	8.352664
1684	7.0189648
1685	7.0189648
1686	7.2723279
1687	8.021403
1688	8.8641648
1689	7.914782
1690	8.9220749
1691	8.9220749
1692	8.9220749
1693	8.5370976
1694	8.5370976
1695	8.5370976
1696	8.5370976
1697	8.5370976
1698	7.5162049
1699	6.3070287
1700	8.2991675
1701	6.8828459
1702	7.4153573
1703	7.4153573
1704	8.4530932
1705	7.5988081
1706	7.5988081
1707	6.6413754
1708	7.9221154
1709	7.7677054
1710	7.7677054
1711	8.5901614
1712	8.8711742
1713	6.6574342
1714	2.9243962
1715	2.9243962
1716	3.7736832
1717	3.7736832
1718	7.2712442
1719	7.2712442
1720	5.9352808
1721	6.4203444
1722	6.4203444
1723	6.4203444
1724	6.5813937
1725	6.2483832
1726	8.9120095
1727	8.3532794
1728	8.3532794
1729	8.8299692
1730	6.5449659
1731	8.4866948
1732	8.4866948
1733	7.367964
1734	7.367964
1735	8.9350227
1736	8.4762361
1737	8.4762361
1738	8.4762361
1739	8.4762361
1740	8.4762361
1741	7.4771614
1742	7.4771614
1743	8.9552268
1744	8.9552268
1745	8.5857564
1746	8.3783936
1747	8.413375
1748	8.413375
1749	8.413375
1750	8.342326
1751	8.342326
1752	8.9361067
1753	8.0798428
1754	8.0798428
1755	8.2939944
1756	8.7997032
1757	6.9955904
1758	7.6960864
1759	8.5840123
1760	8.5840123
1761	8.3284582
1762	8.3284582
1763	8.5919802
1764	6.935856
1765	5.7299404
1766	7.112278
1767	7.112278
1768	7.112278
1769	6.6154159
1770	4.0918054
1771	2.9917706
1772	-0.46053379
1773	3.413661
1774	8.4248145
1775	8.4248145
1776	8.4248145
1777	8.4248145
1778	8.304939
1779	4.1572209
1780	5.6094619
1781	5.6094619
1782	6.3714975
1783	6.3714975
1784	6.7817183
1785	6.7817183
1786	6.7817183
1787	7.1334104
1788	7.4442926
1789	6.3619404
1790	6.3619404
1791	5.6954283
1792	5.6954283
1793	5.6954283
1794	8.7883018
1795	8.4066726
1796	8.4066726
1797	8.2342861
1798	7.0774109
1799	7.0774109
1800	7.0774109
1801	7.0774109
1802	7.0774109
1803	7.5890245
1804	7.5890245
1805	8.8626097
1806	8.8626097
1807	8.6296048
1808	7.5354493
1809	7.5129485
1810	7.5129485
1811	7.8085116
1812	5.3103019
1813	5.3103019
1814	6.696955
1815	8.0599539
1816	6.1754156
1817	6.1754156
1818	6.1754156
1819	6.1399603
1820	6.1399603
1821	8.8068302
1822	8.1164403
1823	8.1164403
1824	8.1164403
1825	7.6510335
1826	8.3487917
1827	8.3487917
1828	6.366748
1829	6.0992893
1830	8.5339093
1831	8.7125427
1832	8.4612625
1833	8.4612625
1834	8.2892774
1835	8.793627
1836	8.793627
1837	8.793627
1838	7.8465648
1839	8.6153906
1840	8.5540648
1841	8.5540648
1842	8.8614316
1843	8.8614316
1844	8.1094525
1845	8.1094525
1846	6.171315
1847	7.0120045
1848	7.0120045
1849	7.0120045
1850	7.0120045
1851	7.0120045
1852	6.716005
1853	6.9020215
1854	7.0734454
1855	8.9632954
1856	8.9974819
1857	8.9974819
1858	8.9974819
1859	8.9974819
1860	8.8704666
1861	8.8704666
1862	8.8704666
1863	7.8360281
1864	6.5289386
1865	7.4844863
1866	7.4844863
1867	5.0299665
1868	8.5987141
1869	8.5987141
1870	8.5987141
1871	8.5976898
1872	8.1971726
1873	8.1971726
1874	8.5883992
1875	8.6434451
1876	8.9016555
1877	8.9016555
1878	8.3879951
1879	8.3879951
1880	8.3879951
1881	8.0372093
1882	8.0372093
1883	8.0372093
1884	5.3088396
1885	5.3088396
1886	5.3966965
1887	5.3966965
1888	6.354887
1889	6.354887
1890	6.354887
1891	8.6129007
1892	8.6129007
1893	8.217092
1894	8.217092
1895	8.7644289
1896	8.7644289
1897	8.7619527
1898	8.4962626
1899	8.4962626
1900	8.4962626
1901	8.4962626
1902	8.4962626
1903	8.4962626
1904	6.8250248
1905	8.7562886
1906	7.2744617
1907	7.530735
1908	8.4532884
1909	8.4532884
1910	8.2315224
1911	8.2315224
1912	8.2315224
1913	8.799853
1914	8.799853
1915	8.799853
1916	8.799853
1917	7.3406396
1918	7.6006768
1919	7.6006768
1920	7.6006768
1921	7.6006768
1922	8.2173118
1923	8.578986
1924	8.578986
1925	8.3027014
1926	8.3027014
1927	8.3027014
1928	8.3027014
1929	8.9744025
1930	7.9972935
1931	7.8992334
1932	5.7046653
1933	7.4793164
1934	5.0800894
1935	8.4407999
1936	8.4407999
1937	7.1776285
1938	7.1776285
1939	7.1776285
1940	7.1776285
1941	4.9104627
1942	2.480348
1943	3.4219707
1944	7.0319129
1945	7.5863117
1946	7.5863117
1947	6.5252412
1948	6.5252412
1949	7.648128
1950	7.648128
1951	8.4164804
1952	8.4164804
1953	8.6870695
1954	8.3651616
1955	8.3651616
1956	7.6417435
1957	7.6417435
1958	7.6417435
1959	8.16275
1960	8.16275
1961	7.8317946
1962	7.8317946
1963	8.2664723
1964	8.2664723
1965	8.2664723
1966	7.0388294
1967	3.4333411
1968	0.59557757
1969	1.8783903
1970	3.6016537
1971	4.6054749
1972	4.6054749
1973	4.6054749
1974	4.6054749
1975	4.6054749
1976	6.1845184
1977	6.1845184
1978	6.1845184
1979	6.5058075
1980	6.5058075
1981	7.9804635
1982	7.9804635
1983	7.9804635
1984	8.2261524
1985	8.2261524
1986	8.2261524
1987	8.2261524
1988	8.6861973
1989	8.8070398
1990	8.8250998
1991	8.1501198
1992	8.1501198
1993	8.1501198
1994	8.1501198
1995	8.1501198
1996	8.3241609
1997	8.3241609
1998	8.3241609
1999	7.8749269
2000	7.6572475
2001	8.0143952
2002	8.0143952
2003	8.0033823
2004	6.2039668
2005	7.1596242
2006	7.1596242
2007	7.9071585
2008	7.9071585
2009	8.9783609
2010	7.9310554
2011	6.8161534
2012	6.8161534
2013	4.4289
2014	4.4289
2015	2.9956137
2016	2.9956137
2017	2.9956137
2018	2.9956137
2019	2.9956137
2020	4.6355628
2021	4.6355628
2022	5.3836603
2023	8.2287903
2024	8.2287903
2025	8.6110373
2026	8.6110373
2027	7.0183629
2028	7.0183629
2029	6.7472172
2030	6.7472172
2031	6.7472172
2032	6.7472172
2033	6.7472172
2034	7.4696343
2035	7.4696343
2036	7.6873427
2037	7.3988977
2038	7.1860138
2039	7.1860138
2040	7.1860138
2041	7.1860138
2042	7.381762
2043	8.6258935
2044	8.7648571
2045	8.7648571
2046	8.7648571
2047	8.7648571
2048	7.7121503
2049	8.2290538
2050	7.9519361
2051	8.8129313
2052	8.8129313
2053	8.548343
2054	8.548343
2055	8.3240946
2056	8.3240946
2057	8.3240946
2058	7.7961586
2059	7.7961586
2060	7.8019902
2061	8.7782772
2062	7.3572424
2063	7.3572424
2064	7.5474709
2065	7.5474709
2066	7.5474709
2067	7.5474709
2068	8.7152524
2069	7.9653714
2070	7.9653714
2071	6.0031018
2072	4.518585
2073	4.518585
2074	6.43499
2075	6.43499
2076	6.43499
2077	6.43499
2078	6.43499
2079	6.43499
2080	7.0848359
2081	7.3810283
2082	7.771186
2083	7.771186
2084	7.771186
2085	7.771186
2086	7.771186
2087	6.4366747
2088	6.4366747
2089	6.4366747
2090	6.4366747
2091	3.8458612
2092	8.5638195
2093	8.5638195
2094	7.3296494
2095	5.9313767
2096	5.6241797
2097	5.6241797
2098	5.6241797
2099	8.3624914
2100	8.3624914
2101	7.8201139
2102	7.8201139
2103	5.8408712
2104	5.8408712
2105	7.6370949
2106	7.6370949
2107	7.6370949
2108	6.9747996
2109	6.927606
2110	8.996296
2111	8.996296
2112	8.9434663
2113	8.9434663
2114	8.9434663
2115	8.9434663
2116	8.9434663
2117	8.9434663
2118	8.9434663
2119	8.9434663
2120	8.9336145
2121	8.987749
2122	8.987749
2123	8.987749
2124	8.987749
2125	8.987749
2126	8.987749
2127	7.6812213
2128	7.2866409
2129	7.2866409
2130	7.2866409
2131	6.2956819
2132	6.7391047
2133	6.7391047
2134	6.7358789
2135	6.7358789
2136	6.7358789
2137	8.9252983
2138	7.4498519
2139	8.0827387
2140	8.7191513
2141	8.321451
2142	8.321451
2143	8.869467
2144	8.869467
2145	7.9978655
2146	7.9978655
2147	7.9978655
2148	7.9978655
2149	8.422238
2150	8.9059855
2151	8.9059855
2152	8.9059855
2153	8.9083966
2154	8.9083966
2155	8.9083966
2156	8.9083966
2157	8.6067917
2158	8.8086538
2159	8.8086538
2160	8.6032679
2161	8.6032679
2162	8.6032679
2163	8.6032679
2164	7.5348768
2165	7.5348768
2166	7.5348768
2167	7.5348768
2168	7.5348768
2169	8.7025816
2170	7.229145
2171	7.229145
2172	7.229145
2173	7.229145
2174	7.229145
2175	7.229145
2176	8.6081623
2177	8.6081623
2178	8.6081623
2179	8.3316015
2180	7.0560726
2181	6.8079344
2182	6.8079344
2183	8.8051668
2184	8.8051668
2185	8.8051668
2186	8.8051668
2187	8.8051668
2188	8.8051668
2189	8.2335466
2190	8.291297
2191	8.2581326
2192	8.4745708
2193	8.2899902
2194	8.2899902
2195	8.2899902
2196	8.2899902
2197	8.2899902
2198	8.2899902
2199	8.2899902
2200	6.3000594
2201	6.3000594
2202	7.9955707
2203	8.7024268
2204	8.0057917
2205	8.0057917
2206	8.0057917
2207	8.0057917
2208	7.5515004
2209	8.665385
2210	8.4609927
2211	7.3813115
2212	6.413324
2213	6.413324
2214	6.3207821
2215	6.3207821
2216	7.4916988
2217	7.0158054
2218	7.0158054
2219	7.5556805
2220	7.5556805
2221	7.5556805
2222	7.5556805
2223	8.7756334
2224	7.2449212
2225	3.6348407
2226	2.7158255
2227	1.6072105
2228	7.1476694
2229	7.1476694
2230	7.1476694
2231	7.1476694
2232	6.918979
2233	6.918979
2234	6.918979
2235	5.5766002
2236	6.8150321
2237	6.8150321
2238	5.3239428
2239	8.4553786
2240	8.2247963
2241	8.264354
2242	8.264354
2243	8.4522739
2244	8.4522739
2245	7.5393866
2246	7.5393866
2247	8.8519051
2248	8.1431503
2249	7.9730566
2250	8.5047738
2251	8.5047738
2252	8.7001808
2253	8.4907776
2254	8.0502218
2255	7.0560643
2256	6.3715304
2257	7.8263176
2258	7.8263176
2259	6.3509227
2260	5.1354285
2261	8.6995188
2262	8.6995188
2263	8.6995188
2264	8.6995188
2265	8.6995188
2266	8.6995188
2267	8.6995188
2268	8.6995188
2269	8.6995188
2270	8.6995188
2271	8.6995188
2272	8.6630288
2273	8.6890388
2274	8.2177935
2275	8.0539726
2276	8.3344786
2277	8.3344786
2278	8.3344786
2279	8.3344786
2280	7.4282244
2281	7.362161
2282	7.0602831
2283	5.9995733
2284	5.9995733
2285	6.4015445
2286	6.4015445
2287	6.4015445
2288	7.7913953
2289	7.9384789
2290	7.5022082
2291	7.5022082
2292	5.1958206
2293	5.1958206
2294	6.0063576
2295	6.0063576
2296	6.0063576
2297	6.0063576
2298	7.6040502
2299	7.6040502
2300	7.6040502
2301	7.6040502
2302	8.7779928
2303	8.7779928
2304	8.6492616
2305	8.6492616
2306	8.6492616
2307	7.7496445
2308	4.7623462
2309	4.7623462
2310	4.7623462
2311	4.7623462
2312	7.4961191
2313	7.1380399
2314	7.1380399
2315	7.1380399
2316	7.1380399
2317	7.1380399
2318	8.461308
2319	8.461308
2320	7.1815213
2321	7.1815213
2322	6.172657
2323	7.4900993
2324	8.7875822
2325	8.7875822
2326	8.7875822
2327	8.7875822
2328	8.7875822
2329	8.7875822
2330	8.1790333
2331	8.1790333
2332	7.0101398
2333	7.0101398
2334	7.6388938
2335	7.9867053
2336	7.9980342
2337	8.5774778
2338	8.5774778
2339	8.6157279
2340	7.6722322
2341	5.3818517
2342	7.1895037
2343	7.1895037
2344	7.1895037
2345	7.1895037
2346	3.6003149
2347	8.4680135
2348	8.4680135
2349	8.4680135
2350	8.0497575
2351	8.0497575
2352	8.8497692
2353	8.8497692
2354	8.8373486
2355	8.8373486
2356	8.8373486
2357	8.8373486
2358	8.8373486
2359	8.242593
2360	8.6221959
2361	8.6221959
2362	8.6221959
2363	8.6221959
2364	8.6221959
2365	8.558726
2366	8.6186228
2367	8.4458671
2368	8.4458671
2369	8.5180277
2370	6.9890539
2371	6.9890539
2372	6.9890539
2373	6.5800728
2374	5.5223728
2375	8.679687
2376	8.9113353
2377	8.9113353
2378	8.9113353
2379	8.9113353
2380	7.980526
2381	7.9687986
2382	7.9687986
2383	7.9687986
2384	7.1646884
2385	5.849551
2386	8.72867
2387	8.72867
2388	8.9181041
2389	8.9181041
2390	7.8591549
2391	8.1233011
2392	8.1233011
2393	8.9180272
2394	8.9180272
2395	8.9180272
2396	8.9180272
2397	8.9180272
2398	6.411472
2399	7.5302638
2400	7.5302638
2401	7.5302638
2402	7.5302638
2403	7.5302638
2404	7.5302638
2405	7.6552779
2406	8.3845349
2407	5.8432951
2408	7.929548
2409	7.929548
2410	7.8068367
2411	4.7867435
2412	7.7480223
2413	8.7996196
2414	8.7996196
2415	8.7996196
2416	8.7996196
2417	8.4999675
2418	8.4999675
2419	8.4999675
2420	8.7258969
2421	8.7258969
2422	8.7258969
2423	8.7258969
2424	8.8520903
2425	8.85149
2426	8.85149
2427	8.85149
2428	8.4264803
2429	7.7169498
2430	6.3078422
2431	5.752803
2432	5.752803
2433	5.752803
2434	6.5543683
2435	6.7228136
2436	6.7228136
2437	3.4739904
2438	8.3157398
2439	8.3157398
2440	8.3157398
2441	8.3157398
2442	8.9824043
2443	8.9824043
2444	8.9824043
2445	8.9824043
2446	8.7328566
2447	8.7328566
2448	8.7328566
2449	7.4181257
2450	5.1388867
2451	3.9655839
2452	3.9655839
2453	5.2669842
2454	8.225088
2455	8.225088
2456	8.225088
2457	8.7892796
2458	8.3001441
2459	8.3001441
2460	8.3001441
2461	8.3001441
2462	8.3001441
2463	8.3001441
2464	8.3001441
2465	8.3001441
2466	7.5272921
2467	7.7129434
2468	7.96193
2469	7.96193
2470	7.96193
2471	7.6216116
2472	8.9937446
2473	8.9937446
2474	7.1315473
2475	7.6571733
2476	7.2678938
2477	7.2678938
2478	7.2678938
2479	7.2678938
2480	8.9287914
2481	8.3826582
2482	8.2312425
2483	8.2312425
2484	7.8950752
2485	8.2379449
2486	8.5321674
2487	8.5321674
2488	8.4560077
2489	8.4560077
2490	8.7373159
2491	8.5920785
2492	8.5920785
2493	8.5920785
2494	8.5920785
2495	8.5920785
2496	8.4143428
2497	8.4143428
2498	6.8712488
2499	6.9222195
2500	6.8846863
2501	6.8846863
2502	6.8846863
2503	6.8846863
2504	6.8846863
2505	2.7423565
2506	-1.5455435
2507	-0.03868445
2508	1.1655549
2509	1.1655549
2510	1.1655549
2511	1.1655549
2512	5.0698129
2513	5.0698129
2514	4.1485935
2515	4.1485935
2516	7.2493744
2517	6.1695486
2518	5.6800763
2519	4.5306388
2520	4.5306388
2521	4.5306388
2522	-2.2564126
2523	4.1212437
2524	4.1212437
2525	6.2695301
2526	6.2695301
2527	6.2695301
2528	7.3167913
2529	7.3167913
2530	7.3167913
2531	7.1973495
2532	7.1973495
2533	7.1973495
2534	7.1973495
2535	7.1973495
2536	6.8940014
2537	8.8416936
2538	8.8416936
2539	8.4365206
2540	7.0883807
2541	7.0883807
2542	7.0883807
2543	5.5308958
2544	6.8108775
2545	6.8108775
2546	6.8108775
2547	6.8108775
2548	8.9857618
2549	7.2421179
2550	7.4591342
2551	7.8914548
2552	7.7586261
2553	7.7586261
2554	7.7586261
2555	4.3772133
2556	4.3772133
2557	6.4260825
2558	6.7584418
2559	7.980817
2560	7.980817
2561	7.980817
2562	7.980817
2563	7.980817
2564	7.980817
2565	7.980817
2566	7.980817
2567	8.1315618
2568	6.0249257
2569	8.1849907
2570	8.3159433
2571	8.3159433
2572	8.564166
2573	8.5848813
2574	8.5848813
2575	7.2424908
2576	8.8143387
2577	8.8143387
2578	8.8143387
2579	7.5341018
2580	7.5341018
2581	7.5341018
2582	7.5341018
2583	7.5341018
2584	7.4085009
2585	8.7044029
2586	8.7044029
2587	8.7044029
2588	8.7044029
2589	8.7044029
2590	6.805391
2591	6.805391
2592	6.805391
2593	6.805391
2594	6.805391
2595	6.805391
2596	8.2510967
2597	5.0080576
2598	5.0080576
2599	5.0080576
2600	7.515417
2601	7.8190299
2602	7.8190299
2603	6.514958
2604	5.8385623
2605	5.8385623
2606	5.8385623
2607	5.8385623
2608	7.441364
2609	6.9341985
2610	8.9211493
2611	8.9211493
2612	8.8071369
2613	8.8071369
2614	8.8071369
2615	8.4461522
2616	8.4461522
2617	8.307716
2618	8.5202095
2619	8.5202095
2620	8.5202095
2621	7.6000394
2622	8.7368832
2623	8.7368832
2624	8.7368832
2625	8.7368832
2626	8.1958709
2627	8.0562954
2628	8.3044411
2629	8.3044411
2630	8.3044411
2631	8.9984294
2632	8.9984294
2633	8.9984294
2634	8.9984294
2635	8.9984294
2636	8.9984294
2637	8.9984294
2638	8.9984294
2639	8.9984294
2640	8.9984294
2641	8.9984294
2642	8.9984294
2643	8.7597448
2644	8.7597448
2645	8.7597448
2646	8.7597448
2647	8.7597448
2648	8.7597448
2649	6.7748754
2650	6.7748754
2651	6.7748754
2652	6.7748754
2653	8.9167154
2654	7.5415212
2655	7.5415212
2656	7.2515606
2657	6.8088602
2658	6.8088602
2659	8.3373322
2660	6.1325415
2661	6.1325415
2662	7.3957006
2663	7.3957006
2664	7.3957006
2665	7.3957006
2666	8.3561388
2667	8.9849035
2668	8.9849035
2669	8.285479
2670	7.1580953
2671	8.4833253
2672	8.4833253
2673	8.4833253
2674	8.0745543
2675	8.0745543
2676	8.149702
2677	8.149702
2678	8.149702
2679	8.149702
2680	8.149702
2681	8.5675344
2682	8.5675344
2683	8.5675344
2684	8.3104219
2685	8.3104219
2686	8.6201086
2687	8.6201086
2688	8.6201086
2689	8.6201086
2690	8.6683354
2691	8.6683354
2692	8.6683354
2693	8.6287489
2694	8.125531
2695	8.714113
2696	5.3694209
2697	8.3209295
2698	8.3209295
2699	8.2200432
2700	7.9476528
2701	7.9476528
2702	8.5631245
2703	8.4733069
2704	8.978183
2705	8.978183
2706	6.8915516
2707	8.7224792
2708	7.8899079
2709	7.8899079
2710	7.8899079
2711	7.8899079
2712	7.8899079
2713	7.8899079
2714	7.8899079
2715	7.8899079
2716	7.8899079
2717	8.2583353
2718	8.2583353
2719	8.2583353
2720	7.0059937
2721	8.3043184
2722	8.3043184
2723	8.3043184
2724	7.617436
2725	7.8589012
2726	6.4574089
2727	6.4574089
2728	6.4574089
2729	8.3354154
2730	8.3354154
2731	8.675546
2732	8.675546
2733	8.994031
2734	7.363543
2735	8.90939
2736	8.90939
2737	8.5586641
2738	8.0620957
2739	8.0620957
2740	8.423136
2741	8.3868585
2742	8.3868585
2743	8.3868585
2744	8.3868585
2745	8.071405
2746	8.071405
2747	8.2287166
2748	5.2078197
2749	8.2772507
2750	8.2772507
2751	8.2772507
2752	8.2993177
2753	8.2993177
2754	8.9878502
2755	7.4254528
2756	8.5014507
2757	8.5014507
2758	8.8265659
2759	8.8265659
2760	8.8265659
2761	8.8265659
2762	8.8265659
2763	8.6437432
2764	8.761228
2765	8.761228
2766	8.9105295
2767	8.7578514
2768	8.7578514
2769	8.7578514
2770	8.0603021
2771	5.9544023
2772	7.5941718
2773	7.5941718
2774	7.5941718
2775	7.5941718
2776	7.0751215
2777	8.9951893
2778	8.9951893
2779	8.9951893
2780	8.8926166
2781	7.7970765
2782	6.2545964
2783	6.2545964
2784	6.2545964
2785	6.2545964
2786	6.2545964
2787	6.2545964
2788	6.2545964
2789	8.8801307
2790	8.8801307
2791	8.8801307
2792	8.3349091
2793	8.3349091
2794	8.3349091
2795	8.751824
2796	7.4107379
2797	8.9879735
2798	8.9879735
2799	8.9879735
2800	8.9312002
2801	8.9312002
2802	8.8961799
2803	8.8961799
2804	8.8961799
2805	8.7135318
2806	8.7135318
2807	8.7135318
2808	8.5780678
2809	8.5351858
2810	7.8776179
2811	7.8776179
2812	7.8776179
2813	8.7156029
2814	8.0884383
2815	8.0884383
2816	8.5012464
2817	8.5012464
2818	8.5012464
2819	7.8395767
2820	7.5930488
2821	7.5930488
2822	8.3614793
2823	7.733036
2824	8.2906761
2825	8.2906761
2826	8.2906761
2827	7.3560697
2828	7.9502652
2829	8.9766329
2830	8.9766329
2831	8.6681636
2832	8.6681636
2833	8.6681636
2834	6.7923342
2835	6.7923342
2836	6.7923342
2837	8.2096101
2838	8.6129628
2839	8.6129628
2840	8.6129628
2841	8.6129628
2842	8.6129628
2843	8.6129628
2844	8.3667204
2845	8.9308446
2846	8.9308446
2847	8.0689475
2848	8.6678163
2849	5.7697808
2850	5.7697808
2851	5.7697808
2852	5.7697808
2853	7.9788099
2854	7.0754474
2855	6.2503997
2856	3.1281752
2857	3.1281752
2858	3.1281752
2859	7.6302022
2860	7.813237
2861	7.813237
2862	7.813237
2863	7.813237
2864	8.5735808
2865	8.5735808
2866	8.3293665
2867	8.3293665
2868	8.3293665
2869	8.3293665
2870	8.3293665
2871	8.3293665
2872	8.3293665
2873	8.3293665
2874	8.3293665
2875	7.8209799
2876	8.4634406
2877	8.9774175
2878	8.3077637
2879	8.3077637
2880	8.2603655
2881	8.9952398
2882	8.9952398
2883	5.0799448
2884	8.6550804
2885	8.3382966
2886	8.3382966
2887	6.1319853
2888	4.3038087
2889	8.3839897
2890	8.3615497
2891	8.3615497
2892	8.3615497
2893	8.6108827
2894	8.5943984
2895	8.5943984
2896	8.6318551
2897	8.6318551
2898	8.6318551
2899	6.6184283
2900	6.6184283
2901	6.6184283
2902	6.6184283
2903	6.6184283
2904	7.1722667
2905	7.1722667
2906	7.9613445
2907	7.9613445
2908	7.9613445
2909	7.9613445
2910	5.2153548
2911	5.2153548
2912	5.2153548
2913	5.7542203
2914	5.7542203
2915	7.4720876
2916	8.299514
2917	7.3320489
2918	7.3320489
2919	6.6797369
2920	8.8853716
2921	8.8853716
2922	8.8853716
2923	8.726343
2924	8.4083132
2925	8.4083132
2926	8.0332749
2927	8.0332749
2928	8.0332749
2929	8.8788121
2930	8.8788121
2931	8.7591585
2932	8.3892999
2933	8.3242926
2934	8.7092909
2935	6.7889733
2936	6.7889733
2937	6.8958467
2938	6.4303199
2939	6.4303199
2940	6.8750418
2941	8.4585945
2942	8.4585945
2943	8.4585945
2944	8.4585945
2945	8.4585945
2946	8.4585945
2947	8.4585945
2948	8.4585945
2949	8.4585945
2950	8.1021727
2951	8.3104395
2952	8.5190212
2953	7.5508129
2954	7.5508129
2955	7.5508129
2956	7.5508129
2957	7.5508129
2958	7.5508129
2959	7.5508129
2960	7.5508129
2961	6.8848405
2962	8.6790877
2963	8.6790877
2964	8.3799728
2965	7.3404185
2966	7.3404185
2967	7.3404185
2968	7.3404185
2969	7.737845
2970	7.8153298
2971	8.0028888
2972	7.6664924
2973	8.8873358
2974	8.8873358
2975	8.8873358
2976	7.1511452
2977	6.6424911
2978	6.6424911
2979	6.6424911
2980	6.6424911
2981	6.6424911
2982	6.6424911
2983	8.8439732
2984	8.8439732
2985	8.4157028
2986	7.3491608
2987	8.9359443
2988	8.9359443
2989	8.5826974
2990	8.5826974
2991	6.4640009
2992	1.9323097
2993	1.9323097
2994	1.9323097
2995	1.9323097
2996	6.1880068
2997	6.1880068
2998	5.5543859
2999	5.5543859
3000	5.5543859
3001	5.5543859
3002	5.05288
3003	5.05288
3004	5.05288
3005	4.3610297
3006	4.3610297
3007	5.2394848
3008	8.183949
3009	8.0641792
3010	8.7434764
3011	8.7434764
3012	8.5119607
3013	8.3990145
3014	8.4383308
3015	8.4383308
3016	7.8135401
3017	7.8135401
3018	7.8135401
3019	7.8135401
3020	7.8135401
3021	7.8135401
3022	7.8135401
3023	7.4538074
3024	8.8661606
3025	8.8002254
3026	8.8002254
3027	8.8002254
3028	8.8002254
3029	8.8002254
3030	8.8002254
3031	6.754115
3032	6.754115
3033	6.754115
3034	6.5369611
3035	8.6964622
3036	8.6964622
3037	8.0492241
3038	8.63672
3039	8.63672
3040	6.8886945
3041	6.8886945
3042	6.3481034
3043	7.7203588
3044	7.7203588
3045	8.4090778
3046	7.6893341
3047	8.203287
3048	8.6240019
3049	8.6240019
3050	7.0431297
3051	7.0431297
3052	7.825097
3053	7.8814834
3054	7.8814834
3055	7.8814834
3056	7.8814834
3057	7.8814834
3058	7.8814834
3059	8.5631543
3060	8.5631543
3061	8.5825672
3062	8.5825672
3063	8.4966224
3064	8.2686539
3065	7.7620382
3066	7.7620382
3067	8.5555398
3068	8.0602573
3069	8.0602573
3070	8.0602573
3071	8.0602573
3072	8.0602573
3073	8.0602573
3074	8.6112276
3075	8.6112276
3076	8.1570414
3077	8.6395189
3078	8.5666673
3079	8.5666673
3080	8.9025146
3081	8.2271273
3082	8.1691347
3083	8.1691347
3084	8.1691347
3085	8.4736125
3086	8.422865
3087	8.4757118
3088	8.4757118
3089	8.4757118
3090	8.4757118
3091	7.4889574
3092	8.6182252
3093	7.9977856
3094	7.9977856
3095	7.9977856
3096	8.8029934
3097	7.3505609
3098	7.3505609
3099	8.747439
3100	8.747439
3101	7.526105
3102	8.9617479
3103	8.9617479
3104	8.9617479
3105	8.7580446
3106	8.7580446
3107	8.7580446
3108	8.6358485
3109	8.6358485
3110	8.9902686
3111	8.9902686
3112	7.425591
3113	7.425591
3114	7.425591
3115	7.425591
3116	6.7063388
3117	3.33171
3118	3.33171
3119	3.0184579
3120	3.0184579
3121	1.4172268
3122	5.9097025
3123	5.6455791
3124	6.2073309
3125	6.2073309
3126	5.6914581
3127	4.9586722
3128	4.9586722
3129	4.1567241
3130	3.8908334
3131	3.8908334
3132	3.8908334
3133	5.6782022
3134	5.6782022
3135	7.266069
3136	8.6012371
3137	8.5975653
3138	7.2711292
3139	7.2711292
3140	7.2711292
3141	7.2711292
3142	7.2711292
3143	7.2711292
3144	8.2749227
3145	8.2749227
3146	7.8737087
3147	7.8737087
3148	8.6884798
3149	8.8731417
3150	8.8731417
3151	8.8731417
3152	8.8731417
3153	8.5601772
3154	7.8022974
3155	6.8545886
3156	6.8545886
3157	7.6235267
3158	7.7004461
3159	5.7474847
3160	5.7474847
3161	5.7474847
3162	5.7751449
3163	5.7751449
3164	8.5331763
3165	8.5331763
3166	8.5331763
3167	8.5331763
3168	8.5331763
3169	7.8633122
3170	8.1028267
3171	7.8381986
3172	8.943432
3173	8.792543
3174	7.1626588
3175	8.9157953
3176	8.7724719
3177	7.4509832
3178	8.4791533
3179	8.4791533
3180	7.2874601
3181	7.2874601
3182	8.2665991
3183	7.2351489
3184	8.1592995
3185	8.1592995
3186	8.5435947
3187	8.5435947
3188	8.7278179
3189	7.8863685
3190	8.5961884
3191	8.5961884
3192	8.5961884
3193	5.3010684
3194	8.3714228
3195	7.8400065
3196	8.8943032
3197	6.8295507
3198	6.8295507
3199	8.1370184
3200	7.5963644
3201	7.5963644
3202	8.627318
3203	7.8156734
3204	7.1811285
3205	7.1811285
3206	8.9301129
3207	7.6173537
3208	7.6173537
3209	8.4691914
3210	8.4691914
3211	8.5350226
3212	8.5350226
3213	8.5350226
3214	8.354489
3215	8.354489
3216	8.354489
3217	8.354489
3218	8.0291645
3219	8.685268
3220	8.8254855
3221	8.8254855
3222	8.9532888
3223	8.9532888
3224	8.8174863
3225	8.8174863
3226	8.8174863
3227	8.8174863
3228	8.8174863
3229	7.7094518
3230	8.4096612
3231	8.3660853
3232	8.1877971
3233	8.2484595
3234	8.2484595
3235	7.8950854
3236	7.8950854
3237	8.7794512
3238	8.7794512
3239	8.7794512
3240	8.7794512
3241	8.7794512
3242	8.7794512
3243	8.7794512
3244	8.7794512
3245	8.7794512
3246	7.2235609
3247	7.2235609
3248	8.8786424
3249	8.8786424
3250	6.3884813
3251	6.3884813
3252	7.3378068
3253	5.9329836
3254	5.9329836
3255	5.9329836
3256	5.9329836
3257	8.4614078
3258	8.6858784
3259	8.6858784
3260	8.6858784
3261	8.6858784
3262	8.8881748
3263	8.6985776
3264	7.7718293
3265	6.3666553
3266	6.3666553
3267	8.274822
3268	8.274822
3269	8.1640753
3270	8.1640753
3271	8.1640753
3272	8.6258569
3273	8.6258569
3274	7.8143797
3275	7.8143797
3276	7.8143797
3277	7.8143797
3278	1.2660968
3279	-2.10795
3280	-0.92605775
3281	0.13958952
3282	3.1034577
3283	4.2867283
3284	5.530667
3285	5.530667
3286	5.530667
3287	5.530667
3288	8.0579399
3289	7.8828146
3290	7.8828146
3291	7.0990755
3292	6.4117588
3293	8.9856657
3294	8.7188615
3295	8.7188615
3296	8.7188615
3297	8.7188615
3298	5.5225942
3299	5.5225942
3300	7.6414967
3301	6.8047227
3302	8.5906278
3303	8.7269497
3304	7.442414
3305	7.442414
3306	7.442414
3307	8.0501774
3308	8.8725914
3309	8.8725914
3310	8.6783851
3311	7.5263547
3312	8.0887768
3313	8.0887768
3314	8.2228364
3315	8.7978417
3316	8.7564099
3317	8.9790441
3318	8.9790441
3319	8.7622552
3320	7.2181899
3321	7.2181899
3322	8.429774
3323	8.429774
3324	7.9586448
3325	7.9586448
3326	7.9586448
3327	8.7446224
3328	6.9855865
3329	8.8589658
3330	8.8589658
3331	8.8589658
3332	8.3738838
3333	8.3738838
3334	7.8391534
3335	7.8391534
3336	7.6967434
3337	8.5272593
3338	8.0914616
3339	8.791423
3340	6.8351686
3341	6.9344893
3342	6.8165685
3343	6.8165685
3344	7.7590403
3345	6.5198961
3346	6.1442662
3347	7.8683122
3348	7.8683122
3349	6.7408241
3350	8.1752528
3351	7.937909
3352	7.937909
3353	7.7822974
3354	7.7822974
3355	8.9340067
3356	8.1560943
3357	7.6741992
3358	7.6741992
3359	7.6741992
3360	7.6741992
3361	7.1282241
3362	7.0725513
3363	7.6617024
3364	8.8505378
3365	8.8505378
3366	8.9399151
3367	7.193757
3368	7.193757
3369	7.193757
3370	7.193757
3371	6.6667134
3372	6.6667134
3373	7.9967669
3374	7.9967669
3375	7.9967669
3376	8.243942
3377	8.243942
3378	8.243942
3379	8.243942
3380	8.243942
3381	8.243942
3382	8.243942
3383	8.243942
3384	8.0856653
3385	8.2507554
3386	8.2507554
3387	8.1750058
3388	8.1750058
3389	8.1750058
3390	8.1750058
3391	8.3765545
3392	8.3765545
3393	8.3765545
3394	8.3765545
3395	8.3765545
3396	8.1885849
3397	8.1885849
3398	8.1885849
3399	8.9274
3400	7.2059319
3401	7.2059319
3402	8.2146896
3403	7.9199391
3404	8.262262
3405	8.262262
3406	8.262262
3407	8.262262
3408	8.262262
3409	8.262262
3410	8.7634996
3411	7.4786719
3412	7.2020257
3413	5.1910757
3414	5.1910757
3415	7.0579358
3416	7.0579358
3417	7.8880903
3418	8.7045343
3419	8.7045343
3420	7.2477911
3421	6.8641531
3422	6.5764307
3423	8.0276034
3424	8.0276034
3425	8.0276034
3426	4.4479672
3427	7.1725255
3428	7.8506521
3429	7.8506521
3430	7.8506521
3431	7.8506521
3432	8.2879218
3433	7.5829522
3434	8.2240855
3435	7.3295973
3436	7.3295973
3437	7.5595077
3438	6.1542971
3439	6.1542971
3440	6.1542971
3441	6.1542971
3442	6.1542971
3443	6.1542971
3444	5.385924
3445	5.385924
3446	7.940585
3447	7.940585
3448	7.940585
3449	7.940585
3450	7.7388835
3451	6.8321874
3452	6.7202699
3453	7.0557842
3454	7.3734233
3455	7.3757475
3456	7.6406024
3457	7.6406024
3458	7.6406024
3459	7.997972
3460	7.7445978
3461	7.7445978
3462	7.1375467
3463	7.1375467
3464	7.5031658
3465	7.5031658
3466	7.4680525
3467	7.4680525
3468	8.6469211
3469	8.6469211
3470	8.6469211
3471	8.423506
3472	8.423506
3473	8.423506
3474	8.6165419
3475	8.6165419
3476	8.6165419
3477	8.3154052
3478	8.0235257
3479	8.2352258
3480	8.4322223
3481	8.4322223
3482	8.5951737
3483	7.4975905
3484	5.5220019
3485	5.5220019
3486	5.7847805
3487	0.71444642
3488	0.71444642
3489	0.71444642
3490	0.71444642
3491	0.71444642
3492	0.71444642
3493	0.71444642
3494	2.4527056
3495	0.98765557
3496	0.98765557
3497	0.98765557
3498	0.98765557
3499	0.6004699
3500	-0.42522607
3501	-0.42522607
3502	5.6462175
3503	7.3604499
3504	7.3604499
3505	7.3604499
3506	8.7928284
3507	8.472966
3508	8.472966
3509	6.1400791
3510	6.6841225
3511	8.7444541
3512	8.6217193
3513	8.6217193
3514	8.6217193
3515	8.6217193
3516	8.8941408
3517	8.8941408
3518	8.3069291
3519	8.3069291
3520	8.3069291
3521	8.3069291
3522	6.3752918
3523	6.3752918
3524	6.3752918
3525	7.3711709
3526	8.5793581
3527	8.5793581
3528	8.4710479
3529	8.0721122
3530	8.5299968
3531	8.2728124
3532	8.2728124
3533	6.1511312
3534	8.4144271
3535	8.4144271
3536	7.6194473
3537	7.6194473
3538	7.6194473
3539	7.6194473
3540	7.6194473
3541	8.8866514
3542	8.1955791
3543	7.6304276
3544	7.6304276
3545	7.6304276
3546	6.9008914
3547	6.9008914
3548	6.9008914
3549	6.9008914
3550	7.9522164
3551	8.7884682
3552	8.6538455
3553	8.2792527
3554	8.3635882
3555	7.8400491
3556	7.8529707
3557	7.4014398
3558	7.4014398
3559	7.4014398
3560	7.1190048
3561	7.1190048
3562	7.1190048
3563	8.4367114
3564	6.5657494
3565	6.5657494
3566	6.5657494
3567	5.3136107
3568	5.3136107
3569	5.3136107
3570	8.8814414
3571	8.8814414
3572	8.8814414
3573	7.3200564
3574	7.3200564
3575	7.1583409
3576	8.6226433
3577	8.2150191
3578	8.4217728
3579	7.4282143
3580	7.4282143
3581	7.4282143
3582	7.4282143
3583	8.0046814
3584	8.2643666
3585	8.2643666
3586	8.9807673
3587	8.2359936
3588	8.2359936
3589	8.2437207
3590	8.2437207
3591	8.2437207
3592	8.2437207
3593	8.2437207
3594	5.4004249
3595	5.4004249
3596	5.4004249
3597	5.4004249
3598	7.4878805
3599	7.4878805
3600	7.4878805
3601	7.4878805
3602	7.8692404
3603	7.8692404
3604	7.4256576
3605	7.2084124
3606	7.2084124
3607	3.1283283
3608	6.5177713
3609	6.5177713
3610	5.9039595
3611	4.7819976
3612	6.7188643
3613	6.7188643
3614	6.5767275
3615	6.1958686
3616	7.3069466
3617	6.3745854
3618	7.2185988
3619	7.2185988
3620	7.4562554
3621	5.8209722
3622	5.8209722
3623	5.8209722
3624	5.8209722
3625	7.585985
3626	6.5663334
3627	8.8164536
3628	8.8164536
3629	7.5098018
3630	7.9647591
3631	7.9647591
3632	7.9647591
3633	7.9647591
3634	8.3875151
3635	8.9783253
3636	8.9783253
3637	7.3270349
3638	7.3631026
3639	7.5388762
3640	7.5388762
3641	7.7371038
3642	8.6119171
3643	8.6119171
3644	8.6119171
3645	8.6119171
3646	8.6119171
3647	5.5881067
3648	6.93286
3649	6.93286
3650	8.5426652
3651	8.5904602
3652	8.5904602
3653	8.5904602
3654	8.5904602
3655	8.9124618
3656	8.9124618
3657	8.9124618
3658	7.5257387
3659	7.5257387
3660	8.6485018
3661	6.2153174
3662	6.2153174
3663	6.2153174
3664	5.449668
3665	6.8629087
3666	8.7988762
3667	8.7988762
3668	8.9004865
3669	8.9004865
3670	8.8239766
3671	8.6889942
3672	8.6889942
3673	8.6889942
3674	7.3962838
3675	7.3962838
3676	8.673266
3677	8.673266
3678	8.673266
3679	8.673266
3680	8.673266
3681	8.673266
3682	8.673266
3683	8.673266
3684	8.673266
3685	6.5011289
3686	6.3427168
3687	4.9508039
3688	4.9508039
3689	4.8164357
3690	4.8164357
3691	5.4253043
3692	8.2211771
3693	5.8541251
3694	8.3205004
3695	6.4332706
3696	7.1866547
3697	7.1866547
3698	8.9228331
3699	8.9228331
3700	8.9228331
3701	8.2338804
3702	8.2338804
3703	8.270902
3704	8.270902
3705	8.270902
3706	8.270902
3707	8.270902
3708	8.270902
3709	7.9451153
3710	8.8776287
3711	8.8776287
3712	8.2511557
3713	8.2511557
3714	8.2511557
3715	6.4421774
3716	8.4864389
3717	7.5544935
3718	7.5544935
3719	7.5544935
3720	7.5209764
3721	7.5209764
3722	7.5209764
3723	8.3359486
3724	8.3359486
3725	6.2798694
3726	7.5113062
3727	7.5113062
3728	7.5113062
3729	7.7910113
3730	7.7910113
3731	8.1067947
3732	8.9671206
3733	8.9671206
3734	8.9671206
3735	8.9671206
3736	7.4326227
3737	7.4326227
3738	8.2628024
3739	7.7119986
3740	7.7119986
3741	8.860997
3742	8.860997
3743	8.860997
3744	7.5886046
3745	7.5886046
3746	7.5886046
3747	7.5886046
3748	8.9223994
3749	8.9223994
3750	8.2336334
3751	8.2336334
3752	8.6251536
3753	7.0787453
3754	7.0787453
3755	7.0787453
3756	7.0787453
3757	8.1787807
3758	7.3829852
3759	8.8583453
3760	8.8583453
3761	8.3043971
3762	8.3043971
3763	8.3043971
3764	8.3043971
3765	8.3043971
3766	8.3043971
3767	7.6606762
3768	6.948234
3769	7.9700835
3770	6.410015
3771	7.7577631
3772	7.7577631
3773	7.7577631
3774	8.14261
3775	8.14261
3776	8.3267312
3777	8.6949086
3778	7.9887109
3779	6.9026617
3780	5.8781692
3781	5.8781692
3782	7.3067213
3783	8.6842656
3784	8.3018339
3785	8.3018339
3786	7.6625378
3787	7.6625378
3788	7.6625378
3789	7.6625378
3790	8.7426204
3791	8.7426204
3792	6.1198997
3793	6.1198997
3794	6.9725487
3795	6.6194433
3796	6.6194433
3797	6.6194433
3798	6.6194433
3799	6.6370911
3800	8.6599434
3801	8.0047914
3802	8.0047914
3803	8.0047914
3804	8.604182
3805	8.604182
3806	8.8139542
3807	7.7603491
3808	7.6347598
3809	7.6347598
3810	8.1509053
3811	8.1509053
3812	8.0421663
3813	8.0421663
3814	8.0421663
3815	7.8204532
3816	8.4616943
3817	8.6059818
3818	8.9126797
3819	8.9126797
3820	8.9126797
3821	8.9126797
3822	8.4866551
3823	8.2256259
3824	8.2256259
3825	8.7181588
3826	8.7300654
3827	8.6618085
3828	8.953641
3829	8.6963672
3830	7.1879923
3831	7.1879923
3832	7.1879923
3833	7.9931402
3834	7.9931402
3835	6.5928705
3836	6.9724776
3837	7.49667
3838	8.6926235
3839	8.3883053
3840	8.0073203
3841	8.0073203
3842	8.0073203
3843	8.0073203
3844	8.0449821
3845	8.0449821
3846	8.0449821
3847	8.0449821
3848	8.6785322
3849	7.9444513
3850	7.9444513
3851	8.8925698
3852	8.8925698
3853	8.6886111
3854	8.6886111
3855	8.0306767
3856	8.0306767
3857	8.0306767
3858	8.0306767
3859	5.7383997
3860	5.7383997
3861	7.8958499
3862	8.1421439
3863	8.1421439
3864	8.1421439
3865	8.417469
3866	5.4906662
3867	7.3720816
3868	8.4718169
3869	8.4718169
3870	8.4718169
3871	8.4718169
3872	8.2508711
3873	5.0426369
3874	7.1121065
3875	7.1121065
3876	7.1121065
3877	7.191668
3878	7.191668
3879	7.191668
3880	8.2500356
3881	8.2500356
3882	8.2500356
3883	8.9187265
3884	8.9187265
3885	8.9187265
3886	8.9187265
3887	8.9187265
3888	7.3117998
3889	6.4315974
3890	6.6720697
3891	7.6684094
3892	7.877565
3893	7.877565
3894	7.877565
3895	6.7034151
3896	7.9035815
3897	7.549801
3898	7.549801
3899	7.549801
3900	7.549801
3901	7.549801
3902	7.549801
3903	7.549801
3904	7.549801
3905	7.549801
3906	7.549801
3907	7.549801
3908	7.549801
3909	7.549801
3910	8.3385516
3911	8.3385516
3912	8.2969774
3913	8.8472017
3914	7.2934223
3915	8.3209432
3916	8.3209432
3917	8.3209432
3918	8.3209432
3919	6.7731135
3920	6.7731135
3921	6.7731135
3922	6.7731135
3923	6.7731135
3924	6.7624469
3925	6.7624469
3926	6.7624469
3927	4.6358337
3928	5.6155095
3929	5.6155095
3930	5.6155095
3931	5.6155095
3932	5.6155095
3933	5.5320377
3934	6.4501241
3935	6.5742593
3936	6.5742593
3937	6.7363407
3938	6.7363407
3939	6.7363407
3940	6.7363407
3941	7.4623973
3942	7.4623973
3943	7.3156433
3944	7.2604312
3945	7.2604312
3946	7.2604312
3947	7.2604312
3948	7.2604312
3949	7.0402104
3950	8.9252442
3951	8.9252442
3952	8.9252442
3953	8.9252442
3954	8.9252442
3955	8.9252442
3956	8.3180941
3957	8.3180941
3958	5.4106989
3959	5.2570122
3960	5.2570122
3961	5.2570122
3962	5.2570122
3963	5.2570122
3964	4.4107236
3965	4.4107236
3966	4.4107236
3967	4.4107236
3968	4.4107236
3969	4.4107236
3970	4.4107236
3971	5.0882374
3972	5.0882374
3973	4.1948706
3974	4.1948706
3975	2.5017195
3976	2.5017195
3977	6.0215056
3978	6.0215056
3979	6.0215056
3980	6.7748907
3981	6.7748907
3982	8.9232702
3983	8.9232702
3984	8.9232702
3985	8.9232702
3986	8.9232702
3987	8.9232702
3988	8.127006
3989	8.2091563
3990	8.2091563
3991	8.4509848
3992	7.5551013
3993	7.5551013
3994	7.5551013
3995	6.5618927
3996	7.2393538
3997	7.2393538
3998	8.0972108
3999	7.6841636
4000	7.2929009
4001	8.1678797
4002	8.5236471
4003	8.8400022
4004	8.6861735
4005	8.6861735
4006	7.6259704
4007	7.8218766
4008	7.8218766
4009	7.8218766
4010	8.4867652
4011	8.3264966
4012	5.5181644
4013	5.5181644
4014	5.5181644
4015	4.461804
4016	1.1117519
4017	5.576406
4018	7.1390007
4019	7.1390007
4020	7.1390007
4021	7.1390007
4022	8.4119079
4023	8.4119079
4024	6.2305201
4025	6.5205018
4026	6.5205018
4027	6.5205018
4028	6.5205018
4029	6.5205018
4030	6.239736
4031	7.1958122
4032	7.3989056
4033	7.3989056
4034	7.3989056
4035	8.9981225
4036	8.9981225
4037	8.9981225
4038	6.9968143
4039	8.6758278
4040	7.2505809
4041	5.9612859
4042	5.4197265
4043	5.4197265
4044	5.4197265
4045	5.3104701
4046	7.8163377
4047	7.8163377
4048	7.816652
4049	8.5321231
4050	8.3830236
4051	8.0058051
4052	8.0058051
4053	8.0058051
4054	7.7954838
4055	7.7954838
4056	7.7954838
4057	7.7954838
4058	7.0590543
4059	8.7558369
4060	8.7558369
4061	8.9785354
4062	8.9785354
4063	8.9785354
4064	8.9785354
4065	8.9785354
4066	8.9785354
4067	8.9785354
4068	8.9785354
4069	7.9513694
4070	8.7664221
4071	7.7126592
4072	7.7126592
4073	7.7126592
4074	7.7126592
4075	7.7126592
4076	7.4010512
4077	8.4947726
4078	8.4947726
4079	8.4947726
4080	8.4504156
4081	8.8581352
4082	7.5637659
4083	7.5637659
4084	7.5637659
4085	8.469068
4086	8.469068
4087	8.0633262
4088	8.0633262
4089	8.0633262
4090	8.931972
4091	8.931972
4092	6.5692292
4093	6.5692292
4094	6.5692292
4095	7.0054273
4096	7.0054273
4097	7.620598
4098	7.620598
4099	8.3692033
4100	7.3100402
4101	7.3100402
4102	8.1547133
4103	8.1547133
4104	8.1547133
4105	7.5213393
4106	6.9205759
4107	8.1005801
4108	8.1005801
4109	8.1005801
4110	8.2702166
4111	8.2702166
4112	8.2702166
4113	8.6513642
4114	8.6513642
4115	8.6513642
4116	7.4181788
4117	8.2370773
4118	8.77209
4119	8.77209
4120	8.2635207
4121	8.2635207
4122	8.2635207
4123	6.2083423
4124	6.2234357
4125	8.380467
4126	7.8053863
4127	7.8053863
4128	7.2340232
4129	8.2758214
4130	7.8987578
4131	7.8987578
4132	7.4061336
4133	1.6386714
4134	3.9311215
4135	3.9311215
4136	3.9311215
4137	3.7739623
4138	5.5176259
4139	8.7895634
4140	8.7895634
4141	8.7895634
4142	8.7895634
4143	8.8534398
4144	8.8534398
4145	8.8534398
4146	8.8534398
4147	8.8534398
4148	8.8534398
4149	8.0915762
4150	8.5683361
4151	8.5683361
4152	8.7361493
4153	8.099268
4154	7.0419973
4155	6.4971737
4156	6.9540602
4157	6.9540602
4158	6.9540602
4159	6.9540602
4160	6.9540602
4161	6.9540602
4162	8.4259235
4163	7.9497917
4164	8.5418794
4165	8.9898959
4166	8.9898959
4167	7.7872733
4168	8.2991432
4169	8.2991432
4170	8.2991432
4171	8.2991432
4172	8.2991432
4173	8.2991432
4174	7.3030962
4175	8.9751666
4176	8.9751666
4177	6.7488351
4178	6.7488351
4179	6.7488351
4180	6.7488351
4181	7.5945076
4182	7.5945076
4183	7.5945076
4184	7.5945076
4185	7.5945076
4186	8.6559378
4187	6.3516526
4188	6.8568131
4189	6.8568131
4190	6.8568131
4191	6.8568131
4192	6.8568131
4193	6.8568131
4194	6.8568131
4195	6.8106602
4196	7.6001774
4197	7.7689987
4198	7.4572799
4199	7.4572799
4200	7.4572799
4201	7.8798426
4202	8.4694996
4203	8.4694996
4204	6.4019494
4205	7.24737
4206	7.2017626
4207	7.2017626
4208	6.2385298
4209	6.2385298
4210	6.2385298
4211	8.597253
4212	7.7678402
4213	6.1375267
4214	8.1273868
4215	5.3494997
4216	5.6248806
4217	5.7900475
4218	7.7353546
4219	8.0390271
4220	8.0390271
4221	8.0390271
4222	6.6150282
4223	6.6150282
4224	6.6150282
4225	6.2527616
4226	5.4163217
4227	5.4163217
4228	6.7689339
4229	6.7689339
4230	6.7689339
4231	8.9241858
4232	7.9593312
4233	8.7663585
4234	8.7663585
4235	7.958612
4236	7.958612
4237	8.9062377
4238	7.2565205
4239	7.3195322
4240	7.3195322
4241	8.0566917
4242	8.0566917
4243	8.0566917
4244	8.0566917
4245	8.0566917
4246	8.0059573
4247	8.0059573
4248	8.0059573
4249	8.9201889
4250	8.9201889
4251	8.9785662
4252	8.9785662
4253	8.4705655
4254	8.4705655
4255	8.4705655
4256	8.7401721
4257	7.4572021
4258	7.4572021
4259	7.4572021
4260	7.4572021
4261	7.4572021
4262	7.4572021
4263	7.4572021
4264	7.9191578
4265	7.9191578
4266	7.9191578
4267	6.9385219
4268	6.9385219
4269	6.9385219
4270	6.9385219
4271	8.8505989
4272	8.3263103
4273	8.3263103
4274	8.125158
4275	7.40593
4276	8.1405986
4277	8.1405986
4278	7.8692047
4279	6.8191576
4280	7.0811436
4281	7.0811436
4282	7.5366651
4283	7.5366651
4284	7.5433496
4285	6.6040489
4286	7.6762138
4287	7.6762138
4288	7.6762138
4289	7.6762138
4290	7.6762138
4291	8.936018
4292	8.936018
4293	8.1154543
4294	6.797455
4295	7.3689842
4296	7.3689842
4297	7.574728
4298	7.2271185
4299	7.2271185
4300	7.2271185
4301	7.2271185
4302	5.3622261
4303	7.9632921
4304	6.3089444
4305	6.3089444
4306	6.3089444
4307	5.972597
4308	5.972597
4309	5.972597
4310	5.972597
4311	5.972597
4312	6.2897808
4313	5.2742557
4314	5.2742557
4315	4.826854
4316	5.6548866
4317	8.1090517
4318	8.1090517
4319	8.3006129
4320	8.3006129
4321	7.7955848
4322	7.7955848
4323	7.2512788
4324	7.2512788
4325	7.2512788
4326	6.4205115
4327	6.4205115
4328	7.3209075
4329	7.3736071
4330	7.3736071
4331	7.3736071
4332	7.3736071
4333	7.3736071
4334	7.3736071
4335	7.3736071
4336	7.3736071
4337	8.3376033
4338	8.4839376
4339	8.9363157
4340	8.9363157
4341	7.5868201
4342	6.8409228
4343	6.8409228
4344	6.8409228
4345	6.2849973
4346	7.5278381
4347	6.1708347
4348	6.1708347
4349	6.1708347
4350	6.1708347
4351	6.1708347
4352	6.1708347
4353	6.1708347
4354	6.1708347
4355	6.1708347
4356	5.6750881
4357	5.6750881
4358	7.6472352
4359	7.6472352
4360	8.6027876
4361	8.6027876
4362	8.6027876
4363	7.2690883
4364	7.2690883
4365	7.2690883
4366	7.2690883
4367	7.3525183
4368	8.3542049
4369	8.3542049
4370	7.7051706
4371	8.2150809
4372	8.9701291
4373	8.9701291
4374	8.9701291
4375	8.9701291
4376	7.9963845
4377	8.9565212
4378	8.9565212
4379	8.9565212
4380	8.9565212
4381	8.1597216
4382	8.1597216
4383	8.6476317
4384	8.3671549
4385	8.3671549
4386	8.6103343
4387	8.6103343
4388	8.6103343
4389	8.6103343
4390	8.6103343
4391	8.4395623
4392	8.6281488
4393	8.6281488
4394	8.6281488
4395	8.6281488
4396	8.6281488
4397	8.6281488
4398	8.6281488
4399	8.4496506
4400	8.4496506
4401	8.2911622
4402	8.2911622
4403	7.9519018
4404	7.9519018
4405	8.4317181
4406	7.232042
4407	7.6108556
4408	7.6108556
4409	7.6108556
4410	7.6108556
4411	6.2677393
4412	6.8856776
4413	8.1235154
4414	6.8420208
4415	6.8420208
4416	8.5213902
4417	8.5213902
4418	8.5213902
4419	8.7610048
4420	7.9762691
4421	7.7246725
4422	8.7612594
4423	8.7612594
4424	8.7612594
4425	8.3386478
4426	8.3386478
4427	8.2114722
4428	8.3384142
4429	8.425053
4430	7.8663912
4431	8.5960327
4432	8.0691358
4433	8.542083
4434	7.2244358
4435	8.0439191
4436	8.7662037
4437	8.7662037
4438	8.6538909
4439	8.6538909
4440	7.9235962
4441	7.3748304
4442	7.3273105
4443	8.9342128
4444	8.9342128
4445	8.8154534
4446	8.237567
4447	8.237567
4448	8.3795519
4449	8.6360249
4450	8.8209673
4451	8.8209673
4452	7.9389082
4453	8.2068559
4454	8.2782794
4455	7.4631243
4456	7.4631243
4457	7.4631243
4458	7.4631243
4459	3.1969796
4460	7.6571571
4461	5.4407451
4462	8.3613727
4463	8.7660869
4464	8.7660869
4465	8.4091862
4466	8.7820358
4467	7.9431019
4468	8.9170681
4469	8.9170681
4470	8.971565
4471	8.971565
4472	8.971565
4473	8.8212891
4474	8.0713488
4475	6.8473162
4476	6.7136983
4477	6.7136983
4478	7.1457164
4479	7.1457164
4480	7.1457164
4481	8.2818297
4482	8.2818297
4483	8.2818297
4484	7.5805538
4485	7.5805538
4486	7.1657193
4487	7.1657193
4488	7.5073279
4489	7.5073279
4490	7.3570028
4491	7.3570028
4492	7.3570028
4493	7.8556148
4494	7.8556148
4495	8.2935582
4496	7.3525552
4497	8.5721689
4498	8.5721689
4499	8.5721689
4500	8.5721689
4501	8.5721689
4502	8.5721689
4503	8.5721689
4504	8.5721689
4505	8.7363443
4506	8.7363443
4507	8.6707975
4508	8.8210856
4509	8.8210856
4510	8.8210856
4511	8.8210856
4512	8.8210856
4513	8.8210856
4514	8.4362535
4515	8.4362535
4516	8.4362535
4517	8.4362535
4518	8.4362535
4519	8.4362535
4520	7.6012663
4521	7.7888989
4522	8.7621444
4523	8.6534097
4524	8.6534097
4525	8.6534097
4526	8.6534097
4527	7.340736
4528	6.2278052
4529	5.6721081
4530	7.8233605
4531	8.3529676
4532	8.3529676
4533	8.9787254
4534	8.9787254
4535	8.9787254
4536	8.9787254
4537	7.3819071
4538	7.3819071
4539	3.9370505
4540	7.054955
4541	8.7575395
4542	8.7575395
4543	8.7040202
4544	8.7040202
4545	8.4320247
4546	8.2228469
4547	8.8854521
4548	8.8854521
4549	8.8854521
4550	8.8498948
4551	8.7472133
4552	8.7472133
4553	7.740453
4554	8.7370355
4555	8.7370355
4556	8.7370355
4557	8.9117723
4558	7.3743724
4559	8.7971404
4560	8.7971404
4561	8.7971404
4562	8.0226903
4563	8.0226903
4564	8.1350196
4565	8.1350196
4566	8.1350196
4567	7.4329526
4568	7.4329526
4569	7.4329526
4570	6.7821508
4571	8.8357128
4572	8.8357128
4573	7.9439432
4574	6.5807364
4575	6.5807364
4576	7.7976872
4577	8.8085339
4578	8.8085339
4579	8.8085339
4580	8.8085339
4581	8.9168941
4582	8.9168941
4583	8.9168941
4584	8.9690858
4585	7.0951588
4586	7.0951588
4587	7.0951588
4588	7.0951588
4589	4.8575259
4590	4.8575259
4591	4.8575259
4592	4.8575259
4593	4.8575259
4594	4.8575259
4595	4.8575259
4596	6.1512298
4597	6.1512298
4598	6.1512298
4599	6.1512298
4600	6.6286541
4601	8.3759634
4602	8.2738123
4603	8.2738123
4604	8.7588545
4605	8.9970542
4606	8.9970542
4607	7.9316167
4608	8.6334539
4609	8.15654
4610	8.1916824
4611	8.1916824
4612	8.1916824
4613	7.676669
4614	7.676669
4615	7.2379351
4616	8.0968181
4617	8.0968181
4618	8.0968181
4619	8.8275549
4620	8.3312141
4621	7.6545059
4622	7.6545059
4623	7.002093
4624	6.8158128
4625	7.105867
4626	6.9261999
4627	6.9261999
4628	6.9261999
4629	6.9261999
4630	8.9186217
4631	8.9027485
4632	7.0563005
4633	6.0655603
4634	6.0655603
4635	7.1319343
4636	7.1319343
4637	7.1319343
4638	8.5271118
4639	8.3309805
4640	8.3309805
4641	7.7715829
4642	7.6025757
4643	5.9667208
4644	5.9667208
4645	6.8137865
4646	8.7153822
4647	8.7153822
4648	8.7153822
4649	7.1446468
4650	7.1446468
4651	7.1446468
4652	8.5136876
4653	8.5136876
4654	8.5136876
4655	8.5136876
4656	8.5136876
4657	8.5136876
4658	8.5136876
4659	8.8923083
4660	8.7445723
4661	8.7445723
4662	6.5521791
4663	6.5521791
4664	6.5521791
4665	6.5521791
4666	6.5521791
4667	6.5521791
4668	7.0087101
4669	7.0087101
4670	7.0087101
4671	8.0508385
4672	8.0927412
4673	7.8729584
4674	8.1222849
4675	8.1222849
4676	7.5312211
4677	7.5312211
4678	7.5312211
4679	8.1184985
4680	8.1184985
4681	8.1184985
4682	8.8839595
4683	8.3882842
4684	8.3882842
4685	7.8873293
4686	8.9835952
4687	8.9835952
4688	8.0234831
4689	8.0234831
4690	7.2918996
4691	6.7934133
4692	6.7934133
4693	5.5485706
4694	5.5485706
4695	5.5485706
4696	5.5485706
4697	5.5485706
4698	8.0611744
4699	7.2173005
4700	7.813257
4701	7.3092242
4702	7.7655727
4703	7.7655727
4704	7.7655727
4705	7.7655727
4706	8.6862256
4707	8.5192727
4708	8.5192727
4709	8.5192727
4710	6.1332631
4711	7.8553746
4712	7.8553746
4713	7.8553746
4714	7.8553746
4715	7.8553746
4716	8.2958886
4717	8.8442491
4718	8.8442491
4719	8.8442491
4720	8.8442491
4721	8.9117923
4722	8.0232343
4723	8.0232343
4724	8.9868532
4725	8.9868532
4726	8.4232491
4727	8.4232491
4728	8.4232491
4729	8.2081185
4730	8.2081185
4731	8.2081185
4732	8.1161689
4733	7.8804469
4734	8.4866743
4735	8.4866743
4736	8.4866743
4737	7.7413006
4738	7.7413006
4739	7.7413006
4740	4.7681389
4741	6.268679
4742	8.1776146
4743	7.3105971
4744	4.7912211
4745	4.7912211
4746	4.7912211
4747	4.7912211
4748	6.9514715
4749	7.0708182
4750	7.0708182
4751	8.1415372
4752	5.1594198
4753	5.1594198
4754	5.1594198
4755	3.1099605
4756	6.64134
4757	7.9918476
4758	6.9909782
4759	6.9963797
4760	6.9963797
4761	6.9963797
4762	8.3085125
4763	8.3085125
4764	8.3085125
4765	7.4988209
4766	7.4988209
4767	7.5204357
4768	8.4615998
4769	8.4615998
4770	8.4615998
4771	8.4615998
4772	8.4615998
4773	5.0906193
4774	5.0906193
4775	5.0906193
4776	4.3963238
4777	5.9111721
4778	8.7874447
4779	8.7874447
4780	8.678021
4781	6.9707312
4782	7.4384658
4783	8.8658435
4784	8.8658435
4785	8.3869081
4786	8.3112943
4787	7.1329925
4788	7.1329925
4789	7.7882779
4790	7.7882779
4791	7.7882779
4792	8.0379114
4793	8.0379114
4794	8.0379114
4795	8.9266955
4796	8.3739291
4797	8.9716376
4798	8.9716376
4799	8.9716376
4800	7.4065012
4801	7.4065012
4802	8.8085875
4803	8.8085875
4804	8.8085875
4805	8.3373628
4806	8.5365432
4807	7.1060284
4808	8.5594363
4809	8.5594363
4810	8.736431
4811	8.736431
4812	8.736431
4813	8.736431
4814	8.736431
4815	8.736431
4816	8.736431
4817	8.6735898
4818	8.4222348
4819	8.6853983
4820	8.6853983
4821	8.6853983
4822	8.6853983
4823	8.6853983
4824	7.969582
4825	7.969582
4826	8.2271408
4827	8.2271408
4828	8.2271408
4829	6.6713411
4830	7.6904435
4831	8.847425
4832	8.1532526
4833	7.2034978
4834	7.2034978
4835	7.2034978
4836	7.2034978
4837	7.2034978
4838	8.4605844
4839	8.4605844
4840	8.4605844
4841	7.2296241
4842	7.2296241
4843	7.2296241
4844	8.1885518
4845	8.1885518
4846	8.1885518
4847	8.1885518
4848	8.8288889
4849	8.8288889
4850	8.2468914
4851	8.2468914
4852	8.2468914
4853	8.0162673
4854	8.0162673
4855	8.0162673
4856	8.0162673
4857	8.0162673
4858	7.9569716
4859	4.1444381
4860	4.1444381
4861	8.0070815
4862	8.0070815
4863	8.0070815
4864	7.2664391
4865	6.7543503
4866	6.9480608
4867	6.9480608
4868	3.9318509
4869	4.6627812
4870	4.6627812
4871	4.6627812
4872	5.3953644
4873	5.3953644
4874	3.1003909
4875	7.9111023
4876	8.7293616
4877	8.8996112
4878	8.8996112
4879	8.4640521
4880	8.4640521
4881	8.7506629
4882	8.3371927
4883	8.8532075
4884	7.9724894
4885	4.5524876
4886	6.9387036
4887	6.8554375
4888	8.6233289
4889	8.6233289
4890	8.3046998
4891	8.3046998
4892	8.3046998
4893	8.6183261
4894	8.327784
4895	8.327784
4896	8.327784
4897	8.1083995
4898	6.7245477
4899	6.7245477
4900	6.7245477
4901	6.7245477
4902	4.8355681
4903	4.8355681
4904	8.4852033
4905	8.4441021
4906	8.4441021
4907	8.99786
4908	8.6783004
4909	8.6783004
4910	8.6783004
4911	8.6180072
4912	7.8855964
4913	7.8855964
4914	8.3471926
4915	8.3471926
4916	8.3471926
4917	7.9299666
4918	8.3539686
4919	8.3425291
4920	8.3425291
4921	8.3425291
4922	8.3890277
4923	7.8514612
4924	7.8514612
4925	7.8514612
4926	7.8514612
4927	7.8887459
4928	8.3833256
4929	8.3833256
4930	8.3833256
4931	8.3091964
4932	6.3832424
4933	7.5897568
4934	8.7783567
4935	8.7783567
4936	8.1795413
4937	8.1795413
4938	8.1795413
4939	8.1795413
4940	8.1795413
4941	8.7345585
4942	8.7345585
4943	8.7345585
4944	8.7206327
4945	8.8652256
4946	8.8652256
4947	7.8004494
4948	8.0133758
4949	8.0133758
4950	5.6079722
4951	5.6079722
4952	0.44552926
4953	0.44552926
4954	1.3793066
4955	4.3478902
4956	3.8084269
4957	4.309857
4958	7.3153228
4959	6.4811837
4960	6.4811837
4961	4.0628493
4962	4.0628493
4963	7.3260716
4964	7.3260716
4965	7.3260716
4966	8.0109301
4967	8.8430807
4968	8.8430807
4969	8.7411957
4970	7.584489
4971	7.584489
4972	8.25845
4973	8.9877152
4974	8.9877152
4975	8.0648958
4976	6.6839745
4977	5.845279
4978	5.845279
4979	8.0900225
4980	8.0900225
4981	8.0900225
4982	7.8167984
4983	8.6160316
4984	8.4942563
4985	8.4942563
4986	7.2243876
4987	7.2243876
4988	7.2243876
4989	7.2243876
4990	7.348202
4991	7.348202
4992	7.348202
4993	7.348202
4994	7.348202
4995	7.7397154
4996	7.9976318
4997	6.7861668
4998	6.7861668
4999	6.7861668
