0	8.5147758
1	9.3853339
2	5.0740239
3	5.0740239
4	7.0902531
5	7.0902531
6	13.040214
7	13.040214
8	8.9173532
9	12.307937
10	12.184263
11	12.415524
12	12.415524
13	12.415524
14	13.392768
15	13.392768
16	13.975619
17	13.975619
18	13.300642
19	13.241573
20	13.009399
21	14.865889
22	13.840692
23	13.840692
24	13.840692
25	14.148345
26	10.423623
27	10.423623
28	10.423623
29	10.423623
30	9.27115
31	13.69547
32	13.69547
33	13.860954
34	14.584158
35	13.394712
36	14.782005
37	10.676175
38	10.676175
39	13.616061
40	14.511842
41	14.511842
42	14.511842
43	14.511842
44	14.511842
45	14.511842
46	13.483036
47	14.447684
48	14.377935
49	14.377935
50	14.377935
51	11.531481
52	11.531481
53	14.732992
54	13.651102
55	13.651102
56	13.651102
57	12.596128
58	12.596128
59	12.596128
60	14.161727
61	14.161727
62	13.99555
63	13.478982
64	13.478982
65	13.89829
66	13.89829
67	13.89829
68	13.89829
69	13.89829
70	13.551825
71	13.551825
72	12.337172
73	12.337172
74	12.337172
75	13.666388
76	14.43536
77	14.43536
78	12.46667
79	7.9244698
80	14.867804
81	14.867804
82	14.867804
83	14.867804
84	14.955703
85	11.992689
86	11.992689
87	11.992689
88	11.992689
89	11.992689
90	11.992689
91	11.992689
92	11.992689
93	7.4683304
94	7.4683304
95	10.05449
96	8.8384859
97	8.8384859
98	9.7879696
99	11.346797
100	12.87122
101	12.87122
102	12.356078
103	12.88476
104	13.400867
105	13.400867
106	14.849703
107	13.191855
108	14.765389
109	14.765389
110	13.236572
111	13.236572
112	14.782428
113	14.709397
114	12.530744
115	12.451943
116	12.451943
117	9.9590848
118	13.552725
119	13.826266
120	12.593912
121	12.593912
122	9.5099625
123	9.8502517
124	9.8502517
125	12.592765
126	12.592765
127	12.592765
128	12.592765
129	12.702948
130	12.702948
131	12.702948
132	12.702948
133	12.702948
134	12.702948
135	12.702948
136	11.63774
137	12.29401
138	10.600426
139	10.600426
140	10.600426
141	13.611296
142	13.611296
143	13.611296
144	13.611296
145	11.489525
146	14.472445
147	13.369167
148	13.369167
149	14.314651
150	14.314651
151	14.314651
152	10.30282
153	10.30282
154	9.1278471
155	8.0550844
156	8.0550844
157	7.4929939
158	7.4929939
159	7.4929939
160	7.5153908
161	13.615804
162	13.615804
163	13.960531
164	13.960531
165	13.960531
166	12.639605
167	12.639605
168	6.9573379
169	10.530783
170	10.530783
171	10.530783
172	10.530783
173	8.6008979
174	8.6008979
175	12.267758
176	12.267758
177	8.1612767
178	12.440015
179	12.440015
180	9.583706
181	9.583706
182	9.583706
183	9.583706
184	9.583706
185	9.583706
186	9.583706
187	6.6497029
188	2.3656219
189	2.3656219
190	2.3656219
191	0.40399116
192	-3.4367195
193	-3.4367195
194	-3.4367195
195	-3.4367195
196	6.0371622
197	6.0371622
198	12.120015
199	12.120015
200	12.160677
201	12.793226
202	12.793226
203	12.771937
204	13.436673
205	13.436673
206	13.436673
207	13.488444
208	13.488444
209	14.188693
210	14.327694
211	14.327694
212	13.860583
213	13.860583
214	13.860583
215	13.860583
216	13.860583
217	14.583167
218	14.583167
219	14.583167
220	14.583167
221	13.148069
222	13.148069
223	14.904041
224	14.904041
225	14.904041
226	12.399465
227	14.174424
228	14.174424
229	14.454262
230	12.267155
231	11.889717
232	11.888951
233	14.281358
234	14.281358
235	14.281358
236	14.281358
237	14.507615
238	14.507615
239	13.417696
240	13.417696
241	13.417696
242	14.3592
243	10.986172
244	14.739524
245	14.414007
246	13.905594
247	13.905594
248	13.905594
249	14.60983
250	14.093408
251	13.730622
252	13.730622
253	14.405701
254	12.712378
255	7.6894652
256	7.4717959
257	7.4717959
258	7.4717959
259	7.4717959
260	7.4717959
261	7.4717959
262	12.71081
263	14.25207
264	14.04497
265	14.04497
266	14.820432
267	14.820432
268	13.971113
269	14.05071
270	14.05071
271	14.05071
272	14.05071
273	14.05071
274	12.801714
275	12.259547
276	14.746597
277	14.746597
278	14.746597
279	14.746597
280	14.746597
281	14.501249
282	14.501249
283	12.002778
284	14.647263
285	13.504225
286	13.504225
287	13.504225
288	8.9412102
289	4.9794143
290	8.3180169
291	8.3180169
292	8.3180169
293	11.520086
294	13.257137
295	9.7439643
296	8.5357954
297	8.5357954
298	13.990107
299	13.990107
300	14.100879
301	14.464716
302	14.464716
303	13.95209
304	13.714635
305	13.714635
306	7.0020294
307	7.0020294
308	7.0020294
309	13.482424
310	14.867644
311	14.867644
312	13.456501
313	8.2874469
314	12.996311
315	14.950983
316	13.77278
317	14.228904
318	14.635401
319	14.793239
320	11.677499
321	11.677499
322	11.677499
323	11.677499
324	4.7856242
325	4.7856242
326	4.7856242
327	4.7856242
328	4.7856242
329	6.1420652
330	12.671928
331	11.262107
332	11.262107
333	11.262107
334	11.747944
335	11.545189
336	13.057046
337	13.057046
338	13.057046
339	12.861717
340	12.861717
341	12.861717
342	12.866148
343	12.866148
344	13.46985
345	14.059046
346	11.917033
347	13.218274
348	11.419522
349	10.438241
350	10.438241
351	10.438241
352	12.217303
353	12.217303
354	11.817204
355	9.7232131
356	11.752508
357	9.52443
358	13.474201
359	13.474201
360	14.374764
361	14.04393
362	14.04393
363	8.7653727
364	5.7076287
365	6.5440045
366	13.176724
367	13.494391
368	13.494391
369	13.494391
370	13.478176
371	13.478176
372	13.55419
373	14.47234
374	14.47234
375	14.47234
376	11.461169
377	7.9402164
378	7.9402164
379	12.818227
380	10.08796
381	9.8168584
382	13.453515
383	14.555474
384	14.555474
385	14.37263
386	14.37263
387	14.37263
388	12.830738
389	12.830738
390	12.830738
391	12.999084
392	12.999084
393	13.95034
394	14.217155
395	14.217155
396	13.105594
397	8.3238621
398	11.058977
399	11.445564
400	12.419781
401	12.419781
402	12.263653
403	14.263198
404	14.263198
405	14.263198
406	14.762408
407	14.762408
408	14.762408
409	14.762408
410	14.762408
411	14.762408
412	14.762408
413	13.048551
414	13.048551
415	13.048551
416	13.048551
417	14.058143
418	14.058143
419	14.058143
420	14.058143
421	14.058143
422	14.84201
423	12.672709
424	13.139555
425	13.139555
426	14.9613
427	10.17458
428	13.310635
429	12.957703
430	12.957703
431	12.957703
432	13.494211
433	13.494211
434	13.494211
435	13.494211
436	13.494211
437	9.9016959
438	13.638543
439	13.638543
440	13.638543
441	14.651961
442	14.651961
443	14.651961
444	12.854666
445	14.26574
446	14.26574
447	14.26574
448	14.26574
449	13.456438
450	13.456438
451	13.456438
452	13.456438
453	13.456438
454	13.456438
455	13.456438
456	13.692797
457	14.232802
458	14.232802
459	13.352476
460	13.501783
461	11.47328
462	13.885953
463	14.853964
464	14.853964
465	13.571697
466	13.571697
467	13.571697
468	13.571697
469	12.132652
470	12.132652
471	11.671681
472	11.671681
473	11.671681
474	11.671681
475	11.718999
476	11.718999
477	14.797917
478	13.853394
479	13.853394
480	13.853394
481	13.853394
482	13.853394
483	13.853394
484	13.853394
485	9.7088413
486	12.591419
487	12.591419
488	14.425795
489	14.425795
490	14.349914
491	14.349914
492	14.349914
493	14.349914
494	14.349914
495	10.786831
496	13.938078
497	13.938078
498	13.938078
499	14.710577
500	14.710577
501	14.740469
502	14.740469
503	14.740469
504	13.940358
505	13.940358
506	12.325683
507	12.723829
508	12.723829
509	12.723829
510	12.723829
511	14.743702
512	14.743702
513	14.743702
514	14.743702
515	13.037261
516	14.460053
517	14.460053
518	14.460053
519	14.460053
520	14.460053
521	13.780844
522	13.780844
523	14.247825
524	9.7536944
525	9.7536944
526	4.7678969
527	4.7678969
528	5.4687163
529	3.1339661
530	8.2186216
531	8.2186216
532	11.312645
533	11.312645
534	9.5567344
535	11.113868
536	14.84698
537	11.985253
538	11.985253
539	14.76017
540	14.76017
541	14.481347
542	14.481347
543	14.481347
544	14.481347
545	14.481347
546	14.61236
547	14.61236
548	14.61236
549	14.61236
550	11.607085
551	11.607085
552	5.1987001
553	5.1987001
554	5.1987001
555	5.1987001
556	5.1987001
557	12.175295
558	12.175295
559	14.203738
560	12.549953
561	14.651432
562	12.862563
563	13.563538
564	13.563538
565	13.020809
566	13.020809
567	13.020809
568	13.020809
569	13.020809
570	11.630117
571	11.630117
572	11.630117
573	13.0647
574	14.632255
575	12.403448
576	12.403448
577	12.689895
578	12.689895
579	12.689895
580	13.383044
581	13.411776
582	13.411776
583	13.411776
584	13.204604
585	14.728191
586	14.728191
587	10.46064
588	10.46064
589	11.738137
590	11.738137
591	10.688496
592	10.390774
593	14.89379
594	14.89379
595	14.89379
596	14.659753
597	11.258286
598	13.458409
599	13.254257
600	13.254257
601	10.172429
602	10.172429
603	10.172429
604	10.172429
605	10.172429
606	10.172429
607	2.1081249
608	2.1081249
609	2.1081249
610	-2.607549
611	3.4607387
612	1.6172342
613	1.6172342
614	3.6318273
615	4.5238989
616	4.5238989
617	9.1689171
618	9.1689171
619	9.1689171
620	2.62726
621	2.62726
622	2.62726
623	2.62726
624	1.4012344
625	6.5807952
626	2.4449082
627	8.1208763
628	8.1208763
629	8.1208763
630	12.486364
631	12.304635
632	12.431517
633	13.714722
634	14.259437
635	14.259437
636	14.259437
637	14.89416
638	14.89416
639	9.8895624
640	9.8895624
641	9.8895624
642	9.8895624
643	12.504462
644	12.48397
645	11.538881
646	10.876197
647	10.876197
648	13.439206
649	14.635448
650	14.635448
651	11.498336
652	11.498336
653	11.793483
654	11.793483
655	11.793483
656	11.793483
657	11.793483
658	14.81325
659	14.81325
660	14.81325
661	14.81325
662	14.81325
663	13.624958
664	11.486924
665	12.919301
666	12.203594
667	14.341162
668	14.341162
669	13.260486
670	14.424841
671	14.720563
672	14.717237
673	14.717237
674	14.717237
675	14.717237
676	11.281197
677	11.281197
678	11.281197
679	13.800816
680	13.002138
681	6.7569863
682	6.7569863
683	13.53447
684	13.53447
685	13.53447
686	14.534957
687	14.534957
688	14.154338
689	11.249299
690	14.671598
691	14.671598
692	14.671598
693	12.574167
694	12.009811
695	12.009811
696	14.731592
697	14.731592
698	14.731592
699	14.731592
700	14.909686
701	14.909686
702	14.839765
703	10.25
704	14.774977
705	10.496858
706	10.431982
707	11.797399
708	14.100692
709	14.100692
710	13.634043
711	14.784199
712	12.064405
713	5.912798
714	8.9697588
715	10.276728
716	14.353799
717	14.674682
718	14.674682
719	14.674682
720	14.674682
721	14.674682
722	14.674682
723	14.674682
724	12.397302
725	12.397302
726	12.397302
727	14.180542
728	13.344782
729	14.908312
730	14.908312
731	14.908312
732	14.908312
733	14.734637
734	14.753594
735	14.753594
736	14.753594
737	14.753594
738	14.753594
739	14.753594
740	14.753594
741	13.793308
742	10.924054
743	10.924054
744	10.924054
745	7.5480911
746	7.8310445
747	7.8310445
748	5.2406665
749	2.8414587
750	6.5020998
751	9.8181605
752	12.029139
753	12.029139
754	12.029139
755	14.548566
756	14.548566
757	14.548566
758	14.548566
759	14.548566
760	14.548566
761	11.580977
762	11.580977
763	14.940367
764	12.651615
765	8.1178676
766	8.4045166
767	8.4045166
768	8.4045166
769	12.821631
770	12.821631
771	12.821631
772	12.821631
773	13.863949
774	13.776514
775	13.776514
776	14.305171
777	14.140006
778	12.718393
779	14.304471
780	14.98941
781	13.235412
782	13.235412
783	7.2782231
784	7.2782231
785	7.2782231
786	7.2782231
787	7.2782231
788	7.2782231
789	7.1022215
790	7.1022215
791	6.053518
792	7.7457596
793	7.7457596
794	11.170231
795	11.170231
796	11.170231
797	11.170231
798	14.584141
799	14.584141
800	10.957158
801	11.024103
802	11.024103
803	13.679717
804	13.679717
805	13.679717
806	13.679717
807	13.679717
808	13.679717
809	13.694424
810	10.382066
811	10.382066
812	12.548489
813	12.548489
814	12.548489
815	12.386117
816	10.052295
817	13.975508
818	13.621759
819	13.621759
820	13.621759
821	14.642736
822	14.642736
823	14.531251
824	13.65054
825	14.390546
826	9.7353789
827	9.7353789
828	12.511409
829	13.732596
830	13.732596
831	9.5887792
832	10.603565
833	10.603565
834	10.603565
835	10.603565
836	7.4939915
837	7.3197541
838	7.3197541
839	7.3197541
840	11.827624
841	11.827624
842	12.246586
843	10.550559
844	10.550559
845	7.5579951
846	12.707877
847	12.707877
848	14.841693
849	14.841693
850	13.891867
851	14.212282
852	12.217111
853	10.496729
854	11.239756
855	11.239756
856	6.334894
857	7.1279097
858	7.1279097
859	7.8136606
860	3.3284836
861	3.3284836
862	4.8029549
863	4.8029549
864	7.309105
865	7.309105
866	7.5711462
867	9.7599864
868	12.469231
869	12.469231
870	12.469231
871	12.469231
872	12.469231
873	12.469231
874	14.080191
875	14.628992
876	11.714897
877	11.714897
878	11.714897
879	14.471945
880	14.471945
881	14.471945
882	12.366327
883	12.366327
884	14.766192
885	14.454946
886	14.536672
887	14.390086
888	14.390086
889	11.344181
890	11.969528
891	11.969528
892	11.969528
893	11.969528
894	13.124973
895	13.124973
896	13.124973
897	14.490697
898	14.490697
899	14.181014
900	13.02155
901	13.02155
902	14.664457
903	14.664457
904	14.596147
905	14.574727
906	14.574727
907	12.057046
908	11.729437
909	11.123584
910	7.9853654
911	7.9853654
912	7.9853654
913	5.4213022
914	5.4213022
915	5.4213022
916	5.4213022
917	8.5730712
918	8.5730712
919	8.5730712
920	8.5730712
921	8.5730712
922	10.672822
923	13.611377
924	12.931931
925	12.931931
926	14.677197
927	14.677197
928	14.677197
929	11.002817
930	11.002817
931	11.857073
932	14.020392
933	14.020392
934	13.47842
935	12.537753
936	10.104674
937	10.104674
938	14.218333
939	14.254914
940	10.945848
941	13.556818
942	13.556818
943	14.195372
944	14.195372
945	14.195372
946	14.195372
947	12.12583
948	12.12583
949	13.642159
950	13.642159
951	13.642159
952	13.642159
953	13.642159
954	13.315254
955	13.315254
956	13.315254
957	11.581038
958	11.581038
959	11.581038
960	11.581038
961	13.534299
962	13.534299
963	9.8999842
964	9.8999842
965	9.8999842
966	9.8999842
967	9.8999842
968	13.049004
969	13.049004
970	13.049004
971	13.049004
972	13.049004
973	14.669816
974	8.9967789
975	11.258919
976	11.258919
977	11.258919
978	11.258919
979	11.258919
980	11.258919
981	9.4123644
982	10.047176
983	6.9193782
984	6.9193782
985	13.246026
986	13.097532
987	14.429955
988	14.429955
989	14.429955
990	12.155556
991	13.522834
992	14.690368
993	14.690368
994	14.690368
995	13.833269
996	13.83562
997	13.83562
998	13.83562
999	13.83562
1000	13.83562
1001	13.83562
1002	13.83562
1003	14.222381
1004	14.222381
1005	13.215329
1006	13.215329
1007	12.236652
1008	13.234786
1009	13.234786
1010	14.465519
1011	14.465519
1012	14.465519
1013	11.694526
1014	11.42028
1015	11.42028
1016	10.552795
1017	10.552795
1018	8.3057065
1019	8.3057065
1020	7.3442216
1021	7.3442216
1022	7.3442216
1023	7.3442216
1024	8.7505708
1025	8.7505708
1026	8.7505708
1027	8.7505708
1028	11.789937
1029	13.384866
1030	11.492838
1031	13.256004
1032	13.256004
1033	11.008953
1034	14.069551
1035	14.196666
1036	14.196666
1037	14.196666
1038	13.449133
1039	13.449133
1040	10.138996
1041	10.138996
1042	11.666659
1043	12.566112
1044	12.566112
1045	13.914645
1046	13.914645
1047	12.343141
1048	13.509113
1049	13.509113
1050	13.509113
1051	13.509113
1052	13.509113
1053	13.509113
1054	14.16561
1055	14.29513
1056	14.29513
1057	14.29513
1058	11.051206
1059	14.724182
1060	14.103771
1061	14.103771
1062	14.103771
1063	14.456593
1064	14.456593
1065	7.8506898
1066	7.8506898
1067	7.8506898
1068	12.23226
1069	13.989858
1070	13.30722
1071	13.30722
1072	14.371629
1073	13.803787
1074	13.803787
1075	12.899542
1076	12.237541
1077	12.237541
1078	12.237541
1079	12.237541
1080	12.808243
1081	8.5765145
1082	8.5765145
1083	8.5765145
1084	9.6762913
1085	9.6762913
1086	12.135047
1087	12.135047
1088	12.819399
1089	12.819399
1090	12.819399
1091	12.819399
1092	12.536775
1093	10.885074
1094	12.598783
1095	14.05602
1096	14.05602
1097	14.05602
1098	13.357414
1099	13.357414
1100	12.921927
1101	12.921927
1102	14.941595
1103	14.941595
1104	14.510599
1105	14.510599
1106	14.510599
1107	14.510599
1108	14.510599
1109	14.986857
1110	14.879248
1111	13.515998
1112	13.515998
1113	13.515998
1114	13.515998
1115	13.515998
1116	13.515998
1117	13.515998
1118	13.258614
1119	14.133402
1120	14.133402
1121	14.369282
1122	13.259026
1123	14.313609
1124	14.313609
1125	14.853732
1126	14.853732
1127	13.373322
1128	13.373322
1129	13.373322
1130	11.567691
1131	8.3418387
1132	8.2923342
1133	9.3349626
1134	9.3349626
1135	9.3349626
1136	13.290817
1137	11.514713
1138	10.027252
1139	13.977992
1140	14.133732
1141	13.114465
1142	14.847892
1143	14.847892
1144	14.191449
1145	13.227309
1146	10.260791
1147	10.260791
1148	10.260791
1149	10.260791
1150	12.738412
1151	10.950221
1152	10.950221
1153	10.950221
1154	10.918088
1155	10.858937
1156	14.962015
1157	13.396853
1158	9.9198788
1159	12.297778
1160	14.422762
1161	14.422762
1162	13.31558
1163	13.626636
1164	13.626636
1165	14.743026
1166	11.971787
1167	11.971787
1168	13.823158
1169	13.823158
1170	11.547262
1171	11.547262
1172	14.602628
1173	14.423342
1174	14.423342
1175	14.423342
1176	14.423342
1177	13.482252
1178	13.482252
1179	13.482252
1180	13.482252
1181	13.580586
1182	13.580586
1183	13.75868
1184	13.75868
1185	13.75868
1186	13.75868
1187	11.227283
1188	11.227283
1189	10.111141
1190	10.111141
1191	6.9440409
1192	6.9440409
1193	6.9440409
1194	9.7655311
1195	9.7655311
1196	13.093006
1197	13.093006
1198	9.8083251
1199	14.474416
1200	10.985152
1201	10.142959
1202	13.928347
1203	12.615957
1204	12.615957
1205	12.608595
1206	12.608595
1207	14.809056
1208	14.809056
1209	14.016353
1210	14.016353
1211	14.016353
1212	14.016353
1213	14.016353
1214	14.016353
1215	14.016353
1216	14.607673
1217	13.292251
1218	13.292251
1219	9.2152475
1220	10.188573
1221	10.188573
1222	10.188573
1223	8.3498672
1224	13.822738
1225	12.732455
1226	14.424948
1227	12.743013
1228	12.743013
1229	10.166624
1230	10.166624
1231	10.166624
1232	13.978286
1233	14.357163
1234	14.011462
1235	14.588881
1236	14.588881
1237	13.056315
1238	13.056315
1239	13.056315
1240	13.056315
1241	14.673744
1242	14.673744
1243	14.673744
1244	14.627369
1245	14.960232
1246	14.960232
1247	14.960232
1248	14.960232
1249	14.852607
1250	12.024044
1251	12.439822
1252	14.391182
1253	14.391182
1254	14.391182
1255	12.884829
1256	14.413618
1257	14.413618
1258	11.911968
1259	11.911968
1260	11.911968
1261	11.911968
1262	11.911968
1263	11.911968
1264	11.911968
1265	13.830738
1266	13.830738
1267	13.830738
1268	13.830738
1269	12.961707
1270	12.961707
1271	12.961707
1272	12.961707
1273	12.265054
1274	10.635307
1275	10.635307
1276	10.635307
1277	10.635307
1278	10.635307
1279	10.635307
1280	11.330204
1281	8.4633321
1282	8.4633321
1283	10.607054
1284	10.607054
1285	10.607054
1286	10.607054
1287	10.607054
1288	10.607054
1289	13.822237
1290	14.45971
1291	14.45971
1292	14.45971
1293	14.45971
1294	14.45971
1295	14.45971
1296	14.45971
1297	14.45971
1298	14.45971
1299	14.45971
1300	14.247568
1301	12.70396
1302	11.129762
1303	11.129762
1304	11.129762
1305	11.129762
1306	11.129762
1307	12.750974
1308	13.533963
1309	13.533963
1310	13.533963
1311	14.908412
1312	14.908412
1313	10.370384
1314	7.1351219
1315	7.1351219
1316	7.1351219
1317	7.1351219
1318	3.5089686
1319	10.910821
1320	11.181861
1321	10.437229
1322	9.7470251
1323	9.69186
1324	6.7862623
1325	5.4951045
1326	5.4951045
1327	8.6423039
1328	8.6423039
1329	8.6423039
1330	7.313799
1331	10.409347
1332	12.816026
1333	12.816026
1334	12.816026
1335	12.816026
1336	12.816026
1337	12.72655
1338	12.72655
1339	12.72655
1340	12.72655
1341	10.451094
1342	12.98066
1343	14.76609
1344	14.518623
1345	14.518623
1346	14.518623
1347	13.878775
1348	13.00377
1349	12.528007
1350	8.8021233
1351	8.8965728
1352	5.371224
1353	10.685786
1354	11.396777
1355	11.396777
1356	11.396777
1357	11.396777
1358	9.9782729
1359	9.9782729
1360	14.130527
1361	14.416174
1362	14.416174
1363	14.541253
1364	13.722767
1365	13.722767
1366	13.941666
1367	12.732163
1368	9.7056586
1369	11.921035
1370	11.921035
1371	11.921035
1372	11.921035
1373	11.921035
1374	11.921035
1375	13.597175
1376	13.47914
1377	13.56152
1378	13.56152
1379	13.746798
1380	14.220184
1381	14.220184
1382	14.166496
1383	14.166496
1384	14.166496
1385	14.079059
1386	13.187019
1387	13.187019
1388	9.9054892
1389	9.9054892
1390	12.260325
1391	12.260325
1392	9.6432166
1393	13.911221
1394	13.911221
1395	13.911221
1396	13.911221
1397	13.911221
1398	14.195502
1399	11.680687
1400	11.680687
1401	13.255274
1402	12.931777
1403	12.931777
1404	12.931777
1405	12.931777
1406	12.8143
1407	12.8143
1408	14.410941
1409	14.410941
1410	14.410941
1411	12.797597
1412	12.797597
1413	12.797597
1414	8.8221776
1415	13.807194
1416	13.807194
1417	13.807194
1418	10.857895
1419	10.857895
1420	10.857895
1421	8.9307412
1422	8.9307412
1423	8.9307412
1424	4.1957792
1425	13.250354
1426	13.250354
1427	13.250354
1428	11.4405
1429	10.085419
1430	10.264454
1431	9.6192857
1432	9.6192857
1433	13.252076
1434	13.252076
1435	12.814892
1436	12.814892
1437	12.814892
1438	12.814892
1439	14.344588
1440	14.400727
1441	14.400727
1442	14.400727
1443	14.400727
1444	14.400727
1445	14.400727
1446	14.400727
1447	14.73636
1448	14.73636
1449	14.27509
1450	14.27509
1451	8.4874426
1452	13.642866
1453	13.642866
1454	13.642866
1455	14.435545
1456	14.435545
1457	14.435545
1458	14.435545
1459	13.253575
1460	12.527786
1461	12.403503
1462	12.403503
1463	14.83241
1464	14.83241
1465	14.83241
1466	11.826719
1467	13.898795
1468	14.807994
1469	11.949403
1470	11.949403
1471	9.2631692
1472	9.2631692
1473	9.2631692
1474	9.2631692
1475	13.473178
1476	13.473178
1477	13.473178
1478	14.985751
1479	12.573063
1480	14.938521
1481	13.899912
1482	13.899912
1483	13.899912
1484	13.899912
1485	13.899912
1486	13.899912
1487	13.899912
1488	14.763275
1489	14.755769
1490	14.755769
1491	14.755769
1492	13.285492
1493	13.448517
1494	13.448517
1495	14.977889
1496	14.977889
1497	14.365821
1498	14.445007
1499	12.516822
1500	9.1699481
1501	6.3515157
1502	13.142645
1503	13.142645
1504	13.158143
1505	13.158143
1506	13.158143
1507	13.158143
1508	13.967713
1509	10.501154
1510	10.697831
1511	10.697831
1512	10.697831
1513	10.697831
1514	14.114926
1515	12.628898
1516	14.624262
1517	13.843408
1518	13.843408
1519	13.333534
1520	13.333534
1521	14.584394
1522	14.584394
1523	14.584394
1524	14.584394
1525	12.99552
1526	12.99552
1527	13.342346
1528	12.673704
1529	12.673704
1530	12.613246
1531	11.495001
1532	11.495001
1533	12.587631
1534	12.587631
1535	12.587631
1536	14.991718
1537	14.696586
1538	14.696586
1539	14.696586
1540	14.696586
1541	12.046449
1542	12.046449
1543	12.046449
1544	12.046449
1545	13.975284
1546	13.975284
1547	12.835315
1548	10.4249
1549	12.352315
1550	14.331791
1551	13.035617
1552	13.035617
1553	13.765845
1554	12.431857
1555	13.993137
1556	14.862044
1557	13.187173
1558	13.162503
1559	11.810241
1560	11.64008
1561	11.64008
1562	11.64008
1563	11.64008
1564	11.64008
1565	14.792821
1566	14.792821
1567	13.688777
1568	12.844372
1569	12.844372
1570	12.844372
1571	7.1249302
1572	8.3993812
1573	13.672781
1574	14.811489
1575	9.8495357
1576	14.572216
1577	14.572216
1578	14.802995
1579	14.83534
1580	14.83534
1581	14.233515
1582	14.233515
1583	11.983059
1584	11.983059
1585	11.983059
1586	9.9922159
1587	9.9922159
1588	9.604127
1589	14.884595
1590	14.884595
1591	14.884595
1592	14.884595
1593	13.984262
1594	14.368573
1595	13.987535
1596	13.987535
1597	13.980775
1598	13.954904
1599	14.909756
1600	13.672127
1601	12.083163
1602	12.083163
1603	12.083163
1604	12.083163
1605	13.18205
1606	14.068659
1607	14.068659
1608	14.888383
1609	13.607266
1610	13.607266
1611	13.607266
1612	11.505356
1613	11.505356
1614	14.844487
1615	14.421834
1616	14.4576
1617	13.970841
1618	14.142126
1619	14.142126
1620	12.468869
1621	12.468869
1622	12.468869
1623	13.636505
1624	13.793495
1625	13.793495
1626	13.328165
1627	13.815101
1628	13.483377
1629	13.483377
1630	14.096285
1631	13.428946
1632	13.621719
1633	12.788109
1634	11.089636
1635	11.089636
1636	10.181164
1637	13.369025
1638	13.369025
1639	13.369025
1640	13.725548
1641	13.725548
1642	13.725548
1643	13.725548
1644	13.000475
1645	13.753848
1646	13.835192
1647	14.129175
1648	13.77898
1649	13.77898
1650	13.77898
1651	13.77898
1652	14.918452
1653	11.144398
1654	11.144398
1655	11.144398
1656	11.168247
1657	11.168247
1658	12.485349
1659	9.5312061
1660	14.236247
1661	14.747689
1662	14.234717
1663	14.234717
1664	14.234717
1665	11.919611
1666	13.340115
1667	13.360672
1668	11.971439
1669	11.310179
1670	11.310179
1671	11.310179
1672	11.310179
1673	11.310179
1674	11.318724
1675	11.318724
1676	11.318724
1677	10.367401
1678	10.367401
1679	10.367401
1680	10.367401
1681	10.367401
1682	10.367401
1683	7.0443434
1684	7.0443434
1685	10.098006
1686	9.5888199
1687	9.2694776
1688	12.55554
1689	14.046515
1690	14.046515
1691	14.046515
1692	14.046515
1693	9.9713841
1694	9.9713841
1695	13.987421
1696	13.987421
1697	12.219468
1698	12.219468
1699	11.56577
1700	13.017661
1701	11.694787
1702	11.694787
1703	11.694787
1704	11.694787
1705	12.298555
1706	12.938203
1707	12.938203
1708	12.938203
1709	12.938203
1710	13.821956
1711	13.821956
1712	13.821956
1713	13.821956
1714	13.821956
1715	13.268289
1716	13.268289
1717	13.268289
1718	13.268289
1719	13.268289
1720	13.613431
1721	13.613431
1722	11.679364
1723	11.679364
1724	11.679364
1725	11.679364
1726	10.661204
1727	6.4959806
1728	6.4959806
1729	6.4959806
1730	6.8079574
1731	9.6186882
1732	9.6186882
1733	7.3481308
1734	8.4628593
1735	8.4628593
1736	8.3864629
1737	10.765039
1738	10.765039
1739	10.765039
1740	12.931635
1741	12.931635
1742	13.228432
1743	13.900814
1744	13.900814
1745	13.900814
1746	13.732626
1747	13.732626
1748	13.732626
1749	14.859717
1750	13.095213
1751	10.74162
1752	10.74162
1753	10.74162
1754	12.716092
1755	14.755473
1756	14.510874
1757	13.470422
1758	13.470422
1759	13.470422
1760	13.470422
1761	14.489933
1762	14.489933
1763	14.489933
1764	14.489933
1765	14.489933
1766	14.825463
1767	12.503342
1768	12.503342
1769	13.237388
1770	11.166985
1771	11.166985
1772	11.166985
1773	11.166985
1774	13.69524
1775	7.593826
1776	13.589482
1777	13.589482
1778	13.589482
1779	13.589482
1780	14.888968
1781	14.888968
1782	14.888968
1783	11.489578
1784	9.758642
1785	9.758642
1786	6.1835969
1787	11.065523
1788	11.065523
1789	13.985359
1790	13.985359
1791	14.543311
1792	14.543311
1793	10.573087
1794	10.573087
1795	10.573087
1796	11.766145
1797	8.3926475
1798	7.6956907
1799	9.2049128
1800	12.818564
1801	12.818564
1802	13.71501
1803	13.71501
1804	13.71501
1805	14.019018
1806	12.406964
1807	12.406964
1808	12.406964
1809	12.639127
1810	12.774296
1811	12.774296
1812	12.74416
1813	14.872601
1814	14.872601
1815	14.872601
1816	14.872601
1817	12.294667
1818	9.9819563
1819	9.9819563
1820	9.9819563
1821	9.9819563
1822	9.9819563
1823	9.9819563
1824	9.9819563
1825	9.9819563
1826	9.9819563
1827	9.9819563
1828	9.9819563
1829	14.129844
1830	12.953129
1831	12.404313
1832	12.404313
1833	12.404313
1834	9.8026078
1835	9.8026078
1836	9.8026078
1837	10.574571
1838	10.574571
1839	10.574571
1840	14.043985
1841	14.043985
1842	14.273436
1843	13.154577
1844	13.154577
1845	13.154577
1846	13.154577
1847	13.154577
1848	13.154577
1849	14.498472
1850	10.281201
1851	10.281201
1852	10.281201
1853	10.281201
1854	10.281201
1855	10.281201
1856	10.281201
1857	3.4159563
1858	3.4159563
1859	7.9285843
1860	7.9285843
1861	6.9999366
1862	10.240734
1863	11.998564
1864	14.932159
1865	14.214258
1866	13.565472
1867	10.236985
1868	12.930217
1869	12.930217
1870	11.607251
1871	7.902137
1872	11.044049
1873	14.027271
1874	13.02144
1875	13.02144
1876	13.02144
1877	13.02144
1878	14.502084
1879	14.730844
1880	9.7646337
1881	9.7646337
1882	5.6497764
1883	11.248298
1884	14.23698
1885	13.983163
1886	14.931789
1887	13.046954
1888	14.651309
1889	14.918414
1890	14.789768
1891	14.789768
1892	14.789768
1893	14.789768
1894	14.741938
1895	14.741938
1896	14.663203
1897	14.663203
1898	14.663203
1899	12.957218
1900	14.823407
1901	14.823407
1902	14.823407
1903	14.823407
1904	14.823407
1905	13.034275
1906	12.634909
1907	12.634909
1908	14.940339
1909	14.387624
1910	14.387624
1911	14.768567
1912	14.768567
1913	14.768567
1914	14.768567
1915	14.768567
1916	12.130727
1917	13.177516
1918	14.504551
1919	14.457927
1920	8.8740154
1921	8.8740154
1922	5.2028037
1923	11.490724
1924	14.493519
1925	14.169993
1926	13.232092
1927	6.5552402
1928	6.250972
1929	6.250972
1930	5.5489936
1931	9.2829234
1932	14.726286
1933	14.726286
1934	14.726286
1935	14.726286
1936	14.726286
1937	14.726286
1938	14.726286
1939	14.61391
1940	12.556309
1941	12.556309
1942	13.124756
1943	13.124756
1944	13.866733
1945	13.866733
1946	13.866733
1947	14.356208
1948	14.356208
1949	14.572552
1950	14.572552
1951	13.562953
1952	13.562953
1953	14.484963
1954	14.484963
1955	12.005707
1956	12.005707
1957	10.243119
1958	10.243119
1959	13.041133
1960	13.041133
1961	14.781053
1962	12.276209
1963	11.213327
1964	13.050575
1965	13.050575
1966	13.003794
1967	14.310091
1968	14.310091
1969	14.795067
1970	14.795067
1971	14.795067
1972	14.795067
1973	14.795067
1974	14.795067
1975	13.655732
1976	13.655732
1977	13.655732
1978	13.655732
1979	13.655732
1980	13.655732
1981	13.655732
1982	11.780754
1983	11.780754
1984	14.848948
1985	14.848948
1986	14.848948
1987	14.848948
1988	14.848948
1989	14.352074
1990	14.352074
1991	14.352074
1992	14.160967
1993	11.219356
1994	11.219356
1995	11.219356
1996	11.463776
1997	11.983639
1998	14.488158
1999	13.221035
2000	13.221035
2001	13.387784
2002	13.387784
2003	13.387784
2004	13.387784
2005	13.387784
2006	13.387784
2007	13.387784
2008	13.660629
2009	13.660629
2010	10.602007
2011	9.9194995
2012	9.9194995
2013	14.123431
2014	14.135575
2015	14.135575
2016	14.135575
2017	14.684922
2018	14.449234
2019	14.699386
2020	13.116521
2021	13.116521
2022	13.116521
2023	13.116521
2024	13.116521
2025	14.793798
2026	13.330949
2027	13.08577
2028	14.013116
2029	13.446266
2030	12.783762
2031	13.698383
2032	12.13139
2033	12.13139
2034	12.13139
2035	11.936889
2036	2.519064
2037	2.519064
2038	2.519064
2039	2.519064
2040	6.2269462
2041	10.794502
2042	11.803604
2043	14.265248
2044	14.265248
2045	14.265248
2046	14.265248
2047	13.981713
2048	13.981713
2049	12.631976
2050	12.631976
2051	12.631976
2052	13.415523
2053	13.415523
2054	12.552262
2055	14.157284
2056	13.729805
2057	13.729805
2058	14.220644
2059	14.535657
2060	14.535657
2061	14.70558
2062	10.073702
2063	10.073702
2064	10.073702
2065	10.073702
2066	6.9082496
2067	6.9082496
2068	3.8084646
2069	0.15096597
2070	6.3207441
2071	6.3207441
2072	6.9466465
2073	6.9466465
2074	6.9466465
2075	6.9466465
2076	12.187233
2077	12.187233
2078	11.110826
2079	5.514524
2080	5.514524
2081	5.514524
2082	8.2688479
2083	10.369248
2084	10.369248
2085	10.369248
2086	10.369248
2087	13.403586
2088	14.40722
2089	11.46726
2090	11.981723
2091	10.878724
2092	10.878724
2093	14.554063
2094	14.554063
2095	14.554063
2096	14.554063
2097	12.609217
2098	12.609217
2099	12.609217
2100	11.977839
2101	11.977839
2102	13.853917
2103	14.832211
2104	14.86473
2105	14.885069
2106	14.441331
2107	11.928805
2108	12.100996
2109	12.100996
2110	12.100996
2111	12.332235
2112	11.58139
2113	11.58139
2114	11.58139
2115	11.58139
2116	14.93289
2117	14.93289
2118	12.102282
2119	12.102282
2120	12.102282
2121	14.139995
2122	13.449164
2123	13.449164
2124	14.493912
2125	14.493912
2126	14.493912
2127	14.493912
2128	14.493912
2129	14.83958
2130	14.537214
2131	14.537214
2132	14.537214
2133	13.609526
2134	13.609526
2135	13.609526
2136	13.609526
2137	12.35327
2138	14.696254
2139	14.696254
2140	13.35455
2141	13.35455
2142	13.35455
2143	13.587625
2144	14.648474
2145	14.648474
2146	14.648474
2147	9.5231335
2148	9.5231335
2149	9.5231335
2150	14.119014
2151	14.119014
2152	14.537071
2153	14.537071
2154	14.537071
2155	14.537071
2156	14.813432
2157	14.813432
2158	14.813432
2159	14.813432
2160	14.813432
2161	14.94129
2162	12.995195
2163	14.475552
2164	11.181084
2165	11.181084
2166	8.7868773
2167	7.5946238
2168	7.5946238
2169	10.968143
2170	9.4277372
2171	9.4589472
2172	8.2715557
2173	5.4075989
2174	7.3310532
2175	12.797167
2176	14.912252
2177	13.394678
2178	13.394678
2179	12.18243
2180	12.18243
2181	12.18243
2182	12.663771
2183	10.816254
2184	10.399264
2185	10.399264
2186	10.399264
2187	10.399264
2188	13.996864
2189	14.499006
2190	14.998447
2191	14.883241
2192	13.778012
2193	13.465912
2194	13.465912
2195	12.345265
2196	12.345265
2197	13.200152
2198	14.463031
2199	13.710697
2200	13.710697
2201	13.710697
2202	14.185835
2203	14.185835
2204	14.185835
2205	14.185835
2206	14.289078
2207	13.171846
2208	14.985119
2209	13.01578
2210	14.290488
2211	14.290488
2212	10.519006
2213	10.519006
2214	13.287612
2215	13.287612
2216	12.581716
2217	14.013269
2218	14.160377
2219	13.28927
2220	13.28927
2221	14.188516
2222	14.188516
2223	12.207719
2224	12.207719
2225	14.717889
2226	14.717889
2227	14.14517
2228	12.330295
2229	12.330295
2230	14.69591
2231	14.69591
2232	14.69591
2233	14.69591
2234	14.69591
2235	10.359564
2236	10.359564
2237	7.0266807
2238	11.378226
2239	11.378226
2240	12.887122
2241	12.887122
2242	13.461175
2243	14.126916
2244	12.924432
2245	14.146256
2246	8.4523615
2247	8.4523615
2248	8.4523615
2249	8.4523615
2250	8.4523615
2251	9.2900646
2252	9.4655617
2253	9.4655617
2254	10.016728
2255	10.016728
2256	12.365865
2257	11.479039
2258	14.819035
2259	14.981408
2260	14.981408
2261	14.981408
2262	14.981408
2263	14.981408
2264	14.981408
2265	14.074247
2266	14.074247
2267	14.074247
2268	14.074247
2269	11.883351
2270	12.582073
2271	12.582073
2272	11.447296
2273	12.598234
2274	12.598234
2275	12.971941
2276	12.971941
2277	12.971941
2278	12.971941
2279	14.294245
2280	14.969682
2281	14.969682
2282	14.969682
2283	11.071639
2284	11.961269
2285	9.6223922
2286	9.6223922
2287	12.213486
2288	8.4436977
2289	7.7050451
2290	7.7050451
2291	7.7050451
2292	6.168555
2293	9.0089536
2294	9.0089536
2295	13.073835
2296	13.073835
2297	11.927723
2298	13.291681
2299	13.291681
2300	13.291681
2301	13.291681
2302	13.958867
2303	14.824327
2304	12.214132
2305	12.214132
2306	13.183318
2307	13.183318
2308	10.235737
2309	14.066804
2310	14.066804
2311	14.066804
2312	14.066804
2313	14.568129
2314	13.323101
2315	13.933406
2316	13.933406
2317	13.623567
2318	14.253498
2319	13.209359
2320	13.209359
2321	13.209359
2322	13.466615
2323	13.466615
2324	13.466615
2325	13.466615
2326	13.966147
2327	13.966147
2328	14.749274
2329	14.749274
2330	14.749274
2331	13.907931
2332	13.907931
2333	12.390852
2334	14.707686
2335	14.707686
2336	11.616966
2337	11.616966
2338	11.616966
2339	10.151152
2340	10.151152
2341	4.9110302
2342	3.9942313
2343	7.5341735
2344	9.6288176
2345	9.6288176
2346	9.309585
2347	9.309585
2348	9.309585
2349	9.309585
2350	9.8437625
2351	9.8437625
2352	14.570953
2353	14.570953
2354	14.570953
2355	14.570953
2356	14.570953
2357	14.570953
2358	14.570953
2359	14.671254
2360	12.246379
2361	12.246379
2362	12.246379
2363	12.246379
2364	12.246379
2365	12.246379
2366	12.246379
2367	14.801449
2368	14.801449
2369	14.801449
2370	7.808773
2371	6.194105
2372	4.8060337
2373	9.7481445
2374	9.7481445
2375	13.101849
2376	14.862017
2377	14.862017
2378	14.451732
2379	14.719032
2380	14.719032
2381	13.496589
2382	13.809007
2383	11.6423
2384	11.102727
2385	11.482203
2386	11.482203
2387	9.8943182
2388	8.4907335
2389	14.437138
2390	14.804019
2391	10.295201
2392	5.0659227
2393	6.0107275
2394	13.519431
2395	13.519431
2396	14.716259
2397	14.716259
2398	14.716259
2399	14.191899
2400	14.191899
2401	13.918112
2402	13.918112
2403	13.918112
2404	14.381122
2405	14.381122
2406	14.381122
2407	14.457125
2408	10.243481
2409	10.243481
2410	10.243481
2411	13.965685
2412	13.965685
2413	13.965685
2414	13.965685
2415	13.965685
2416	9.5846394
2417	9.5846394
2418	12.540259
2419	12.540259
2420	12.540259
2421	12.540259
2422	14.383518
2423	14.383518
2424	13.733297
2425	13.733297
2426	13.409726
2427	13.409726
2428	13.409726
2429	13.409726
2430	14.52996
2431	14.308791
2432	14.308791
2433	14.308791
2434	13.849903
2435	13.849903
2436	13.849903
2437	14.883616
2438	14.883616
2439	14.883616
2440	14.883616
2441	14.71014
2442	13.345838
2443	13.345838
2444	12.754975
2445	13.689152
2446	13.689152
2447	14.771482
2448	14.771482
2449	14.771482
2450	14.771482
2451	14.771482
2452	14.398011
2453	14.657246
2454	14.657246
2455	14.657246
2456	12.834953
2457	11.878073
2458	8.1183399
2459	13.673429
2460	14.998639
2461	14.998639
2462	14.00279
2463	14.00279
2464	14.00279
2465	14.124563
2466	14.124563
2467	14.124563
2468	13.640027
2469	14.229032
2470	14.229032
2471	14.229032
2472	14.229032
2473	14.229032
2474	14.258488
2475	14.069988
2476	14.069988
2477	14.069988
2478	14.48647
2479	14.48647
2480	13.015124
2481	13.600856
2482	11.803751
2483	11.491134
2484	13.018284
2485	10.284827
2486	14.361173
2487	14.361173
2488	14.361173
2489	14.361173
2490	14.183853
2491	14.183853
2492	14.183853
2493	14.613642
2494	14.613642
2495	14.613642
2496	14.613642
2497	11.100152
2498	11.548635
2499	11.548635
2500	12.183103
2501	12.183103
2502	14.575397
2503	14.575397
2504	14.575397
2505	14.575397
2506	14.782623
2507	9.3074958
2508	10.087581
2509	12.883226
2510	12.134561
2511	13.605005
2512	13.638009
2513	13.455004
2514	14.096137
2515	14.096137
2516	14.096137
2517	14.540301
2518	14.780539
2519	14.780539
2520	12.499443
2521	12.499443
2522	12.499443
2523	12.499443
2524	12.499443
2525	12.499443
2526	12.499443
2527	11.247829
2528	10.965048
2529	9.6113207
2530	10.76499
2531	12.561922
2532	11.080693
2533	10.826127
2534	10.826127
2535	11.438121
2536	11.438121
2537	11.438121
2538	11.195493
2539	10.641223
2540	10.03284
2541	10.03284
2542	14.190541
2543	13.405423
2544	12.140081
2545	12.140081
2546	12.140081
2547	14.249001
2548	14.249001
2549	14.249001
2550	14.249001
2551	14.249001
2552	14.725313
2553	14.725313
2554	13.750196
2555	14.728014
2556	13.388615
2557	13.388615
2558	13.388615
2559	14.945409
2560	14.198233
2561	14.198233
2562	14.523562
2563	14.523562
2564	14.724181
2565	12.717159
2566	12.717159
2567	14.717863
2568	12.909493
2569	13.340533
2570	11.11365
2571	11.11365
2572	13.674464
2573	13.674464
2574	9.9740122
2575	14.050332
2576	14.322414
2577	13.778595
2578	10.170154
2579	10.170154
2580	10.170154
2581	10.170154
2582	10.170154
2583	6.0620992
2584	6.0620992
2585	5.9329244
2586	6.352769
2587	6.352769
2588	6.6288388
2589	7.7773544
2590	8.0033523
2591	11.301696
2592	14.490171
2593	14.490171
2594	14.490171
2595	13.834815
2596	13.028214
2597	13.028214
2598	14.235264
2599	14.235264
2600	13.286403
2601	13.286403
2602	13.286403
2603	12.484582
2604	12.484582
2605	14.243726
2606	12.732968
2607	12.732968
2608	14.332287
2609	14.332287
2610	12.82782
2611	14.426391
2612	11.210524
2613	11.210524
2614	11.430944
2615	9.7450286
2616	10.247421
2617	10.247421
2618	10.963908
2619	10.963908
2620	5.1382739
2621	2.4545618
2622	8.7626343
2623	2.3364011
2624	10.601118
2625	14.662073
2626	13.22916
2627	13.22916
2628	13.22916
2629	14.144382
2630	14.144382
2631	13.802413
2632	13.802413
2633	13.59052
2634	13.59052
2635	12.533288
2636	13.472693
2637	14.569815
2638	14.569815
2639	14.569815
2640	12.98529
2641	12.98529
2642	12.98529
2643	7.6528764
2644	7.6528764
2645	9.4248611
2646	12.306631
2647	11.411781
2648	11.411781
2649	11.411781
2650	13.648646
2651	13.648646
2652	9.1734034
2653	9.1734034
2654	9.1734034
2655	9.1734034
2656	9.1734034
2657	4.1275235
2658	2.7337452
2659	4.5030581
2660	1.7713165
2661	10.462888
2662	12.715479
2663	12.715479
2664	12.715479
2665	13.870827
2666	13.870827
2667	14.053023
2668	10.584581
2669	14.811832
2670	9.4016074
2671	12.240063
2672	12.240063
2673	6.5181713
2674	13.985843
2675	13.985843
2676	13.985843
2677	13.618753
2678	13.618753
2679	13.680647
2680	13.828126
2681	14.716251
2682	14.716251
2683	14.716251
2684	12.346147
2685	12.346147
2686	12.346147
2687	12.346147
2688	12.346147
2689	12.346147
2690	13.915557
2691	13.915557
2692	13.915557
2693	8.3946903
2694	12.253815
2695	12.421141
2696	12.421141
2697	4.5192457
2698	5.5585779
2699	5.5585779
2700	5.5585779
2701	10.893949
2702	10.893949
2703	13.595792
2704	13.595792
2705	13.595792
2706	11.502231
2707	11.502231
2708	8.5833955
2709	8.5833955
2710	8.5833955
2711	8.5833955
2712	8.5833955
2713	10.522211
2714	10.522211
2715	14.587845
2716	14.727905
2717	14.633632
2718	14.683166
2719	14.683166
2720	14.683166
2721	14.690292
2722	14.690292
2723	14.690292
2724	14.690292
2725	14.690292
2726	14.690292
2727	14.646469
2728	14.646469
2729	13.065171
2730	13.065171
2731	12.906055
2732	12.906055
2733	13.1842
2734	13.1842
2735	13.1842
2736	13.31644
2737	13.31644
2738	13.31644
2739	13.31644
2740	13.31644
2741	13.31644
2742	13.454158
2743	14.742294
2744	14.742294
2745	14.742294
2746	14.742294
2747	14.742294
2748	12.228169
2749	14.321164
2750	11.525937
2751	11.525937
2752	11.525937
2753	13.674032
2754	13.18879
2755	13.18879
2756	14.713351
2757	14.713351
2758	13.794556
2759	13.794556
2760	13.406971
2761	13.406971
2762	13.7504
2763	13.32323
2764	13.32323
2765	14.072161
2766	14.072161
2767	14.072161
2768	11.843159
2769	12.877504
2770	8.9116753
2771	11.909606
2772	8.3139538
2773	10.741702
2774	10.741702
2775	10.741702
2776	10.741702
2777	10.741702
2778	6.557077
2779	9.6944963
2780	9.6944963
2781	13.418566
2782	13.09172
2783	14.436592
2784	10.675494
2785	10.912849
2786	11.721321
2787	13.483699
2788	14.362247
2789	14.362247
2790	10.893131
2791	11.809899
2792	12.227456
2793	8.3517108
2794	8.3517108
2795	8.3517108
2796	5.2523837
2797	13.51859
2798	14.276852
2799	14.615238
2800	14.615238
2801	14.615238
2802	14.615238
2803	14.615238
2804	14.615238
2805	14.615238
2806	14.947085
2807	14.947085
2808	13.893058
2809	13.70298
2810	13.70298
2811	13.596783
2812	13.596783
2813	13.602038
2814	12.916245
2815	12.916245
2816	12.916245
2817	14.35163
2818	12.756213
2819	12.756213
2820	13.802665
2821	13.802665
2822	13.802665
2823	13.802665
2824	13.802665
2825	13.802665
2826	12.536264
2827	14.043142
2828	14.043142
2829	14.043142
2830	14.043142
2831	14.043142
2832	14.262129
2833	13.1184
2834	13.1184
2835	14.326134
2836	14.326134
2837	14.852785
2838	14.852785
2839	14.852785
2840	12.818888
2841	12.86154
2842	14.188155
2843	14.138542
2844	14.138542
2845	13.475208
2846	13.648073
2847	13.648073
2848	8.2302359
2849	13.895511
2850	13.623568
2851	11.824969
2852	11.824969
2853	10.183523
2854	14.01586
2855	13.344245
2856	14.434034
2857	14.434034
2858	14.434034
2859	14.434034
2860	14.434034
2861	14.381174
2862	14.381174
2863	14.381174
2864	13.188733
2865	13.188733
2866	12.018903
2867	6.3775469
2868	6.3775469
2869	6.3775469
2870	6.3775469
2871	12.366742
2872	14.436024
2873	14.436024
2874	13.723724
2875	13.723724
2876	13.723724
2877	13.723724
2878	13.723724
2879	9.9057758
2880	12.367139
2881	6.9554928
2882	6.9554928
2883	6.9554928
2884	6.9554928
2885	6.9554928
2886	2.6046335
2887	3.0253587
2888	12.759179
2889	12.964487
2890	12.964487
2891	3.6760666
2892	6.9683651
2893	6.9683651
2894	10.626849
2895	10.626849
2896	13.037996
2897	13.037996
2898	13.943853
2899	14.716405
2900	14.716405
2901	13.941393
2902	13.941393
2903	13.941393
2904	13.941393
2905	10.362435
2906	10.362435
2907	10.120006
2908	10.120006
2909	6.5753231
2910	6.5753231
2911	6.5753231
2912	7.6350631
2913	6.4478783
2914	6.4478783
2915	10.62889
2916	10.62889
2917	10.62889
2918	10.62889
2919	11.200264
2920	6.6490324
2921	6.6490324
2922	10.184902
2923	10.184902
2924	8.1216362
2925	8.1216362
2926	8.1216362
2927	8.1216362
2928	13.272367
2929	13.272367
2930	12.314985
2931	11.01936
2932	11.01936
2933	11.01936
2934	14.767864
2935	14.767864
2936	14.767864
2937	14.767864
2938	14.767864
2939	12.463913
2940	12.463913
2941	12.463913
2942	12.463913
2943	12.463913
2944	14.038763
2945	14.038763
2946	14.951338
2947	11.520526
2948	11.520526
2949	11.520526
2950	12.449608
2951	12.449608
2952	12.449608
2953	11.110134
2954	14.320557
2955	13.356605
2956	10.536236
2957	10.737693
2958	10.492909
2959	13.562386
2960	13.562386
2961	13.562386
2962	13.562386
2963	13.562386
2964	13.903484
2965	14.905757
2966	13.023205
2967	13.991426
2968	14.176289
2969	14.176289
2970	14.176289
2971	14.176289
2972	14.176289
2973	8.7377745
2974	8.7377745
2975	8.7377745
2976	10.93272
2977	13.127014
2978	14.499672
2979	14.499672
2980	12.17355
2981	12.565305
2982	12.661623
2983	12.661623
2984	12.661623
2985	11.113057
2986	11.113057
2987	10.270655
2988	10.270655
2989	11.03649
2990	11.03649
2991	11.03649
2992	11.03649
2993	11.03649
2994	11.03649
2995	12.115965
2996	11.832825
2997	11.832825
2998	12.652489
2999	12.892223
3000	14.568159
3001	14.568159
3002	14.568159
3003	13.93208
3004	13.459185
3005	13.986651
3006	13.986651
3007	4.2734431
3008	4.2734431
3009	13.138631
3010	11.939435
3011	11.939435
3012	11.939435
3013	11.939435
3014	10.167533
3015	10.167533
3016	10.167533
3017	13.375535
3018	13.198332
3019	13.198332
3020	14.769892
3021	14.769892
3022	14.769892
3023	14.903032
3024	14.501809
3025	14.501809
3026	14.501809
3027	12.267759
3028	13.845237
3029	13.845237
3030	13.845237
3031	13.845237
3032	13.845237
3033	14.729754
3034	14.729754
3035	12.870607
3036	7.6356411
3037	3.3474098
3038	1.4575922
3039	2.4492163
3040	11.924052
3041	11.924052
3042	13.134874
3043	13.134874
3044	9.4398763
3045	14.303141
3046	14.45486
3047	12.098814
3048	11.202486
3049	14.072545
3050	14.586508
3051	14.586508
3052	14.586508
3053	14.586508
3054	14.453733
3055	13.725023
3056	8.8648908
3057	12.279463
3058	11.484882
3059	10.767869
3060	14.309573
3061	13.588902
3062	14.204961
3063	14.204961
3064	11.470462
3065	13.616822
3066	10.451726
3067	13.163498
3068	12.983631
3069	12.983631
3070	6.6908288
3071	7.7643457
3072	11.805351
3073	12.450519
3074	12.044454
3075	14.94297
3076	12.783504
3077	11.903433
3078	11.903433
3079	13.040424
3080	13.931863
3081	14.372245
3082	12.535387
3083	12.535387
3084	12.535387
3085	12.535387
3086	12.535387
3087	12.535387
3088	12.024888
3089	11.331904
3090	11.331904
3091	11.331904
3092	14.814697
3093	14.247072
3094	14.929743
3095	14.929743
3096	12.399261
3097	13.525422
3098	13.525422
3099	12.096692
3100	12.100677
3101	13.603964
3102	13.603964
3103	13.603964
3104	12.093194
3105	9.0257618
3106	9.0257618
3107	14.237016
3108	13.142839
3109	14.269869
3110	13.677066
3111	13.612857
3112	13.612857
3113	13.612857
3114	14.609412
3115	14.609412
3116	14.609412
3117	14.609412
3118	14.609412
3119	14.609412
3120	14.610809
3121	12.168969
3122	12.168969
3123	12.342377
3124	11.924124
3125	11.924124
3126	11.527482
3127	13.651392
3128	13.651392
3129	12.370643
3130	12.370643
3131	12.715091
3132	12.715091
3133	14.097602
3134	14.097602
3135	14.097602
3136	14.097602
3137	13.599837
3138	14.520548
3139	10.917528
3140	13.879527
3141	12.850924
3142	12.850924
3143	12.850924
3144	12.850924
3145	13.226291
3146	13.226291
3147	13.226291
3148	13.226291
3149	13.226291
3150	12.059209
3151	12.059209
3152	14.441795
3153	14.441795
3154	14.441795
3155	14.441795
3156	14.441795
3157	13.034733
3158	14.823571
3159	14.823571
3160	14.823571
3161	14.823571
3162	10.221714
3163	7.1399183
3164	8.243566
3165	8.243566
3166	8.8093664
3167	8.8093664
3168	8.8093664
3169	9.0695156
3170	10.194618
3171	10.194618
3172	10.194618
3173	7.1332247
3174	7.1332247
3175	-0.065606076
3176	-0.065606076
3177	8.9787833
3178	9.5045673
3179	12.242083
3180	12.242083
3181	12.242083
3182	12.242083
3183	12.242083
3184	12.242083
3185	12.242083
3186	14.554129
3187	14.554129
3188	14.554129
3189	14.134875
3190	13.964815
3191	13.964815
3192	14.478978
3193	14.145985
3194	14.145985
3195	14.326065
3196	14.326065
3197	14.668636
3198	14.440157
3199	14.440157
3200	14.440157
3201	14.440157
3202	14.956718
3203	14.956718
3204	14.956718
3205	14.956718
3206	12.530673
3207	12.530673
3208	13.71263
3209	14.847473
3210	14.847473
3211	14.847473
3212	12.090122
3213	12.090122
3214	12.090122
3215	12.090122
3216	13.06816
3217	13.06816
3218	13.06816
3219	13.06816
3220	13.06816
3221	13.728706
3222	13.728706
3223	13.728706
3224	13.728706
3225	13.274881
3226	13.962125
3227	13.962125
3228	13.962125
3229	14.058653
3230	14.058653
3231	10.85867
3232	10.85867
3233	10.85867
3234	12.606721
3235	12.654434
3236	14.379855
3237	14.379855
3238	14.80307
3239	14.80307
3240	14.80307
3241	12.976795
3242	12.976795
3243	12.976795
3244	14.27021
3245	14.27021
3246	13.81917
3247	13.81917
3248	13.81917
3249	13.81917
3250	13.81917
3251	12.225101
3252	5.3146407
3253	12.744859
3254	14.987236
3255	14.987236
3256	14.987236
3257	13.985844
3258	13.918677
3259	14.854102
3260	14.034041
3261	14.034041
3262	9.4206226
3263	7.406719
3264	8.0902016
3265	10.066993
3266	12.865204
3267	13.196832
3268	12.229977
3269	12.03774
3270	12.306806
3271	12.306806
3272	12.306806
3273	12.86829
3274	12.86829
3275	13.872641
3276	13.872641
3277	13.872641
3278	13.497277
3279	13.497277
3280	14.796235
3281	14.796235
3282	13.461063
3283	9.9123231
3284	9.9123231
3285	9.9123231
3286	11.836115
3287	11.836115
3288	10.906861
3289	14.64023
3290	14.815494
3291	13.407878
3292	13.940421
3293	13.940421
3294	13.940421
3295	13.940421
3296	13.940421
3297	13.940421
3298	13.940421
3299	14.192339
3300	14.192339
3301	14.192339
3302	14.453015
3303	14.453015
3304	14.453015
3305	14.453015
3306	13.086585
3307	13.086585
3308	14.764848
3309	14.764848
3310	13.593031
3311	14.152338
3312	13.4673
3313	13.661725
3314	13.661725
3315	13.046391
3316	13.046391
3317	13.046391
3318	14.64966
3319	14.64966
3320	12.5772
3321	14.974486
3322	14.974486
3323	14.974486
3324	14.567527
3325	14.567527
3326	14.567527
3327	14.583024
3328	14.583024
3329	14.583024
3330	14.583024
3331	14.134667
3332	14.134667
3333	14.134667
3334	14.134667
3335	12.408459
3336	12.408459
3337	12.673721
3338	13.638834
3339	14.544597
3340	14.544597
3341	14.970197
3342	14.970197
3343	12.75509
3344	12.75509
3345	10.949255
3346	10.949255
3347	11.858574
3348	10.79784
3349	14.038949
3350	13.971094
3351	13.971094
3352	14.463957
3353	13.676273
3354	11.117314
3355	11.117314
3356	11.117314
3357	11.117314
3358	11.117314
3359	13.009537
3360	13.009537
3361	13.009537
3362	10.511592
3363	10.511592
3364	5.4518248
3365	5.4518248
3366	5.4518248
3367	2.6773436
3368	2.6773436
3369	2.6773436
3370	6.019201
3371	10.229361
3372	10.229361
3373	10.229361
3374	10.229361
3375	11.861973
3376	11.192961
3377	11.192961
3378	13.669741
3379	14.260421
3380	14.260421
3381	13.988035
3382	13.988035
3383	14.31726
3384	13.701493
3385	14.055867
3386	14.055867
3387	14.055867
3388	14.016571
3389	14.016571
3390	14.016571
3391	14.016571
3392	14.016571
3393	7.1603024
3394	11.592248
3395	11.592248
3396	12.596516
3397	13.552879
3398	13.552879
3399	14.874635
3400	13.03298
3401	13.55354
3402	13.55354
3403	14.689777
3404	14.35924
3405	9.8337404
3406	9.8337404
3407	8.8465862
3408	8.8465862
3409	7.6326651
3410	7.6326651
3411	14.789642
3412	14.789642
3413	11.110487
3414	11.110487
3415	11.110487
3416	12.527632
3417	12.527632
3418	12.527632
3419	12.527632
3420	12.527632
3421	8.9219319
3422	8.9219319
3423	11.418249
3424	12.00058
3425	12.00058
3426	12.626313
3427	14.684288
3428	13.662851
3429	13.662851
3430	14.174861
3431	14.174861
3432	14.935775
3433	14.935775
3434	14.935775
3435	14.935775
3436	14.935775
3437	14.660354
3438	14.822849
3439	12.685681
3440	11.486377
3441	11.486377
3442	11.486377
3443	11.486377
3444	12.163569
3445	14.242987
3446	14.406802
3447	14.639378
3448	14.639378
3449	12.511783
3450	12.511783
3451	12.503901
3452	12.503901
3453	14.893901
3454	12.799679
3455	12.799679
3456	11.230904
3457	10.657522
3458	10.657522
3459	10.657522
3460	8.9252035
3461	7.0683384
3462	4.5906565
3463	4.5906565
3464	4.5906565
3465	-2.2877385
3466	-2.2877385
3467	-2.2877385
3468	-2.2877385
3469	-2.2877385
3470	-2.2877385
3471	2.0134923
3472	-4.1210653
3473	3.6019196
3474	3.6019196
3475	3.6019196
3476	3.6019196
3477	2.833248
3478	8.8705019
3479	8.8705019
3480	8.1307549
3481	8.1307549
3482	11.783986
3483	11.783986
3484	9.691626
3485	9.3195748
3486	10.808502
3487	11.312182
3488	11.312182
3489	12.39962
3490	14.505724
3491	14.204774
3492	14.204774
3493	14.204774
3494	11.55731
3495	13.564004
3496	13.564004
3497	13.564004
3498	8.7774711
3499	8.7774711
3500	12.564982
3501	11.427186
3502	11.427186
3503	13.372638
3504	13.372638
3505	12.340171
3506	12.340171
3507	12.340171
3508	12.340171
3509	11.180752
3510	11.180752
3511	11.180752
3512	11.180752
3513	11.180752
3514	11.331445
3515	14.912844
3516	14.912844
3517	14.912844
3518	14.912844
3519	14.912844
3520	14.912844
3521	14.912844
3522	13.039196
3523	9.9688635
3524	9.6789698
3525	9.6789698
3526	9.6789698
3527	14.355575
3528	13.250516
3529	12.7594
3530	12.7594
3531	14.274358
3532	14.310992
3533	14.063625
3534	14.063625
3535	14.063625
3536	14.133849
3537	14.133849
3538	14.133849
3539	12.648451
3540	14.980784
3541	14.396069
3542	8.9648668
3543	14.007008
3544	14.007008
3545	14.307105
3546	14.85298
3547	11.548368
3548	11.548368
3549	11.548368
3550	11.548368
3551	13.94779
3552	13.581578
3553	13.581578
3554	14.06147
3555	14.06147
3556	14.178556
3557	14.731492
3558	14.731492
3559	14.731492
3560	14.731492
3561	14.954138
3562	11.826964
3563	14.394242
3564	14.394242
3565	14.193256
3566	14.193256
3567	11.896003
3568	14.03099
3569	14.03099
3570	14.428015
3571	14.428015
3572	12.76854
3573	12.76854
3574	12.76854
3575	12.76854
3576	12.76854
3577	14.795962
3578	14.224425
3579	14.224425
3580	14.224425
3581	14.946263
3582	14.34073
3583	11.866403
3584	11.866403
3585	11.866403
3586	9.1717161
3587	9.1717161
3588	9.1717161
3589	9.1717161
3590	10.34905
3591	8.3536191
3592	8.3536191
3593	8.3536191
3594	8.3536191
3595	4.6639931
3596	4.6639931
3597	8.3260567
3598	6.3905357
3599	6.3905357
3600	4.5226892
3601	4.5226892
3602	2.9974689
3603	2.9974689
3604	2.9974689
3605	2.4639472
3606	-2.651708
3607	7.4866691
3608	9.6133023
3609	9.6133023
3610	4.6632018
3611	4.6632018
3612	4.1957885
3613	4.1957885
3614	4.1957885
3615	11.169516
3616	11.174213
3617	11.153034
3618	12.551053
3619	12.551053
3620	7.0969002
3621	11.177212
3622	11.177212
3623	13.89012
3624	13.89012
3625	11.946242
3626	9.7663127
3627	11.710404
3628	12.426904
3629	13.090912
3630	13.030328
3631	13.708325
3632	14.483468
3633	14.483468
3634	14.483468
3635	14.670702
3636	14.806801
3637	14.806801
3638	14.806801
3639	14.806801
3640	13.709431
3641	13.299051
3642	14.617488
3643	12.342089
3644	11.810892
3645	10.371665
3646	14.464583
3647	11.78627
3648	11.78627
3649	14.257753
3650	14.257753
3651	14.257753
3652	14.257753
3653	14.257753
3654	13.583476
3655	13.174763
3656	12.317411
3657	11.194636
3658	11.194636
3659	14.073499
3660	14.073499
3661	14.073499
3662	14.438039
3663	13.502125
3664	13.502125
3665	12.839091
3666	13.707981
3667	13.495504
3668	13.495504
3669	13.495504
3670	14.816327
3671	14.816327
3672	12.698259
3673	13.206282
3674	13.206282
3675	13.206282
3676	13.206282
3677	13.592938
3678	14.501527
3679	14.501527
3680	14.501527
3681	14.678751
3682	14.678751
3683	14.002442
3684	14.752888
3685	14.752888
3686	14.752888
3687	14.752888
3688	14.752888
3689	14.752888
3690	12.367654
3691	14.512725
3692	14.512725
3693	14.512725
3694	14.512725
3695	14.512725
3696	13.158474
3697	14.817794
3698	14.817794
3699	14.817794
3700	14.240875
3701	14.747043
3702	12.998258
3703	12.998258
3704	13.128456
3705	13.593964
3706	13.593964
3707	13.593964
3708	13.593964
3709	14.804891
3710	14.804891
3711	14.804891
3712	14.804891
3713	14.804891
3714	14.804891
3715	14.356615
3716	14.418832
3717	14.418832
3718	14.418832
3719	14.781227
3720	12.561989
3721	12.561989
3722	12.561989
3723	12.561989
3724	12.561989
3725	13.9149
3726	13.9149
3727	13.781677
3728	14.191576
3729	14.547194
3730	13.940833
3731	12.659484
3732	12.659484
3733	12.659484
3734	11.006061
3735	11.006061
3736	13.980831
3737	14.223457
3738	14.223457
3739	13.27079
3740	13.27079
3741	13.27079
3742	13.27079
3743	13.494961
3744	13.494961
3745	12.405878
3746	12.405878
3747	12.405878
3748	14.869538
3749	14.869538
3750	14.869538
3751	14.869538
3752	13.856814
3753	14.392436
3754	12.302098
3755	11.524663
3756	11.99973
3757	11.99973
3758	11.99973
3759	11.99973
3760	14.530247
3761	14.530247
3762	14.530247
3763	13.59625
3764	13.59625
3765	14.582106
3766	14.582106
3767	14.582106
3768	14.582106
3769	14.582106
3770	14.58138
3771	14.58138
3772	14.58138
3773	14.691748
3774	14.691748
3775	13.659116
3776	14.446479
3777	14.446479
3778	14.446479
3779	13.394763
3780	13.322267
3781	13.322267
3782	13.322267
3783	13.322267
3784	13.322267
3785	14.230022
3786	14.230022
3787	13.608043
3788	13.608043
3789	13.608043
3790	13.608043
3791	13.7879
3792	14.239797
3793	14.239797
3794	14.366902
3795	13.471492
3796	13.471492
3797	13.471492
3798	13.471492
3799	14.826919
3800	13.337378
3801	13.893384
3802	13.270596
3803	12.255876
3804	12.255876
3805	12.255876
3806	12.255876
3807	12.255876
3808	12.255876
3809	14.203183
3810	12.612482
3811	12.612482
3812	12.612482
3813	13.045324
3814	13.045324
3815	13.045324
3816	11.477145
3817	11.477145
3818	11.477145
3819	11.477145
3820	11.477145
3821	13.041323
3822	11.437632
3823	11.409072
3824	11.409072
3825	13.889142
3826	13.889142
3827	13.826091
3828	13.826091
3829	13.826091
3830	13.826091
3831	13.826091
3832	13.826091
3833	13.826091
3834	13.826091
3835	12.546838
3836	12.546838
3837	12.653412
3838	14.317842
3839	12.685294
3840	11.584137
3841	11.948849
3842	14.622525
3843	13.253391
3844	12.556431
3845	9.1068841
3846	8.6914762
3847	9.6931226
3848	12.824288
3849	12.824288
3850	12.824288
3851	12.824288
3852	10.504921
3853	12.821693
3854	12.949219
3855	12.733606
3856	14.011379
3857	11.64862
3858	14.759164
3859	13.518268
3860	11.85558
3861	12.283736
3862	9.2828155
3863	14.317725
3864	14.215664
3865	14.215664
3866	14.215664
3867	13.670429
3868	13.670429
3869	13.501225
3870	13.501225
3871	14.499757
3872	13.435233
3873	13.435233
3874	13.544121
3875	12.946003
3876	12.946003
3877	12.946003
3878	14.105777
3879	14.105777
3880	13.863725
3881	13.863725
3882	13.863725
3883	13.863725
3884	13.863725
3885	14.319634
3886	11.361549
3887	11.361549
3888	14.552712
3889	12.839364
3890	12.839364
3891	14.795599
3892	14.795599
3893	14.9064
3894	14.9064
3895	12.244062
3896	12.244062
3897	14.880307
3898	12.08607
3899	12.08607
3900	12.08607
3901	12.08607
3902	12.08607
3903	12.08607
3904	14.263753
3905	13.475837
3906	14.281145
3907	14.281145
3908	14.281145
3909	14.281145
3910	14.281145
3911	14.281145
3912	12.298202
3913	14.450461
3914	14.450461
3915	14.450461
3916	11.36526
3917	13.026271
3918	13.026271
3919	13.026271
3920	13.242511
3921	13.242511
3922	13.242511
3923	9.2818507
3924	9.2818507
3925	9.0333273
3926	14.577587
3927	14.981746
3928	14.981746
3929	10.508948
3930	10.508948
3931	10.508948
3932	14.299085
3933	14.393402
3934	14.393402
3935	14.393402
3936	14.393402
3937	14.393402
3938	14.334624
3939	14.434029
3940	14.434029
3941	14.248954
3942	14.248954
3943	14.182633
3944	14.182633
3945	14.166996
3946	14.166996
3947	13.583184
3948	13.583184
3949	13.885909
3950	13.885909
3951	13.885909
3952	13.885909
3953	13.710311
3954	13.710311
3955	13.710311
3956	14.734652
3957	14.120478
3958	11.11545
3959	11.11545
3960	9.6699844
3961	9.6699844
3962	9.6699844
3963	9.6699844
3964	9.6699844
3965	9.6699844
3966	11.301946
3967	11.301946
3968	11.301946
3969	14.313623
3970	14.318537
3971	14.585793
3972	14.585793
3973	13.117997
3974	13.318512
3975	13.318512
3976	11.392365
3977	14.133008
3978	13.496435
3979	14.135839
3980	12.175622
3981	14.732833
3982	8.8556892
3983	8.8556892
3984	10.991885
3985	10.991885
3986	10.991885
3987	10.991885
3988	10.991885
3989	13.040388
3990	11.089546
3991	14.990835
3992	14.660161
3993	14.289374
3994	14.289374
3995	14.289374
3996	10.186244
3997	8.7597174
3998	11.554982
3999	12.17504
4000	11.888828
4001	11.888828
4002	14.576997
4003	14.576997
4004	14.570292
4005	14.570292
4006	14.570292
4007	14.570292
4008	12.135772
4009	12.135772
4010	12.135772
4011	14.337238
4012	14.337238
4013	14.337238
4014	14.337238
4015	14.60937
4016	14.60937
4017	12.117413
4018	12.812168
4019	12.812168
4020	12.161449
4021	12.161449
4022	12.161449
4023	3.0805446
4024	5.626068
4025	5.626068
4026	5.626068
4027	12.473498
4028	12.473498
4029	12.324614
4030	13.697222
4031	13.697222
4032	14.624803
4033	13.702164
4034	12.356686
4035	14.475481
4036	14.475481
4037	14.475481
4038	14.475481
4039	14.475481
4040	13.227621
4041	8.4445207
4042	6.2271503
4043	8.054837
4044	8.054837
4045	10.760758
4046	14.736768
4047	14.736768
4048	14.736768
4049	14.736768
4050	14.736768
4051	12.234112
4052	14.430079
4053	14.430079
4054	13.681817
4055	12.628652
4056	14.880789
4057	14.550818
4058	14.273475
4059	13.055054
4060	13.055054
4061	12.916827
4062	13.186942
4063	14.426337
4064	14.426337
4065	13.720003
4066	12.434132
4067	14.69388
4068	13.561793
4069	13.561793
4070	13.561793
4071	9.3742522
4072	12.538152
4073	12.538152
4074	10.348058
4075	10.348058
4076	10.348058
4077	14.603916
4078	14.603916
4079	14.62973
4080	14.62973
4081	13.350943
4082	13.913252
4083	12.491409
4084	12.491409
4085	14.584529
4086	10.728061
4087	10.728061
4088	10.728061
4089	13.942979
4090	13.942979
4091	14.737178
4092	14.737178
4093	14.343984
4094	14.638505
4095	14.638505
4096	14.638505
4097	14.638505
4098	12.094126
4099	14.652869
4100	14.652869
4101	11.706687
4102	11.706687
4103	14.155583
4104	14.980474
4105	14.980474
4106	14.980474
4107	12.887774
4108	14.763268
4109	14.763268
4110	14.780331
4111	14.554109
4112	13.774868
4113	13.665481
4114	13.665481
4115	13.665481
4116	14.83582
4117	14.83582
4118	14.83582
4119	14.83582
4120	14.83582
4121	13.045313
4122	13.045313
4123	14.029195
4124	14.029195
4125	12.111927
4126	11.37176
4127	11.37176
4128	12.57381
4129	12.303268
4130	12.798081
4131	12.798081
4132	12.798081
4133	12.773741
4134	12.773741
4135	12.773741
4136	13.963869
4137	14.392135
4138	14.392135
4139	13.704561
4140	12.477528
4141	13.335681
4142	14.957567
4143	10.59378
4144	7.5400676
4145	9.4602867
4146	12.022259
4147	10.863852
4148	10.863852
4149	10.863852
4150	14.177731
4151	14.177731
4152	13.299808
4153	14.867879
4154	13.731442
4155	11.450671
4156	11.450671
4157	13.57834
4158	12.447907
4159	13.002708
4160	13.002708
4161	14.115069
4162	14.115069
4163	14.115069
4164	14.942131
4165	11.880943
4166	11.905316
4167	14.451056
4168	14.451056
4169	14.451056
4170	14.451056
4171	13.018259
4172	14.782356
4173	14.782356
4174	14.782356
4175	14.782356
4176	14.782356
4177	14.018345
4178	13.676947
4179	14.355101
4180	12.212896
4181	12.843824
4182	10.677095
4183	10.677095
4184	13.824459
4185	13.824459
4186	13.183877
4187	14.736086
4188	14.736086
4189	11.425236
4190	13.010518
4191	14.791558
4192	14.791558
4193	14.791558
4194	14.791558
4195	14.791558
4196	14.832573
4197	14.106831
4198	14.106831
4199	14.174371
4200	14.895995
4201	14.883229
4202	14.883229
4203	14.883229
4204	14.883229
4205	14.883229
4206	14.537497
4207	14.055352
4208	14.055352
4209	13.995006
4210	13.835841
4211	13.835841
4212	12.206321
4213	12.206321
4214	11.983197
4215	11.983197
4216	11.983197
4217	11.98031
4218	9.4992851
4219	9.4992851
4220	14.00244
4221	14.00244
4222	12.337142
4223	10.206693
4224	7.1146308
4225	7.1146308
4226	7.1146308
4227	7.1146308
4228	6.779482
4229	6.779482
4230	6.779482
4231	7.3962443
4232	7.3962443
4233	7.3962443
4234	11.343893
4235	13.276964
4236	13.276964
4237	13.276964
4238	13.889821
4239	13.889821
4240	14.434795
4241	13.904971
4242	9.5903055
4243	9.5903055
4244	9.5903055
4245	11.803163
4246	11.803163
4247	11.803163
4248	11.803163
4249	8.6793243
4250	14.37631
4251	14.206932
4252	14.472604
4253	14.197618
4254	14.197618
4255	14.197618
4256	14.197618
4257	13.93091
4258	13.361243
4259	13.361243
4260	13.361243
4261	13.361243
4262	13.361243
4263	13.160869
4264	13.160869
4265	13.160869
4266	13.160869
4267	9.4259894
4268	14.168679
4269	13.3843
4270	13.3843
4271	13.3843
4272	13.3843
4273	13.3843
4274	13.860054
4275	13.860054
4276	13.89259
4277	13.89259
4278	11.996832
4279	11.996832
4280	11.996832
4281	11.320716
4282	11.320716
4283	14.968793
4284	12.248512
4285	8.3379564
4286	8.3379564
4287	11.368023
4288	13.875481
4289	11.469277
4290	13.65268
4291	13.65268
4292	13.146471
4293	11.664354
4294	12.548791
4295	13.257518
4296	13.257518
4297	13.257518
4298	13.257518
4299	14.639808
4300	14.639808
4301	14.639808
4302	14.639808
4303	13.215278
4304	14.658186
4305	14.658186
4306	14.658186
4307	14.658186
4308	13.323379
4309	14.171493
4310	14.416384
4311	13.05222
4312	13.05222
4313	13.597659
4314	13.597659
4315	13.793006
4316	13.793006
4317	13.914717
4318	13.10613
4319	13.10613
4320	9.6541766
4321	9.6541766
4322	8.4225797
4323	8.4225797
4324	4.0546263
4325	4.0546263
4326	4.0546263
4327	5.0610932
4328	5.0610932
4329	5.0610932
4330	11.24411
4331	11.997365
4332	11.997365
4333	8.5715279
4334	13.28338
4335	14.99096
4336	14.99096
4337	14.99096
4338	14.99096
4339	14.99096
4340	14.99096
4341	14.99096
4342	14.040888
4343	11.194682
4344	11.194682
4345	11.194682
4346	14.888496
4347	14.581429
4348	13.42155
4349	13.42155
4350	13.42155
4351	14.600862
4352	14.600862
4353	14.118447
4354	14.118447
4355	14.118447
4356	14.118447
4357	14.118447
4358	14.118447
4359	14.118447
4360	14.118447
4361	14.118447
4362	14.118447
4363	14.123586
4364	12.720355
4365	12.720355
4366	12.781445
4367	12.781445
4368	12.781445
4369	13.682184
4370	14.670066
4371	14.670066
4372	10.337677
4373	11.244865
4374	11.244865
4375	12.549074
4376	12.842627
4377	14.706472
4378	14.706472
4379	14.761373
4380	14.761373
4381	14.761373
4382	14.761373
4383	14.761373
4384	14.761373
4385	14.613065
4386	14.613065
4387	13.562425
4388	13.111102
4389	14.532353
4390	14.095434
4391	13.945534
4392	13.945534
4393	14.949606
4394	14.949606
4395	14.949606
4396	13.347495
4397	13.347495
4398	13.347495
4399	14.664527
4400	14.664527
4401	14.664527
4402	13.227155
4403	13.227155
4404	11.392989
4405	14.459095
4406	14.459095
4407	14.459095
4408	14.459095
4409	14.459095
4410	13.712396
4411	13.445699
4412	13.445699
4413	13.362292
4414	13.749845
4415	13.749845
4416	13.749845
4417	13.749845
4418	13.243373
4419	13.243373
4420	11.298094
4421	6.9469049
4422	6.9469049
4423	11.379766
4424	11.379766
4425	13.859356
4426	14.870413
4427	14.870413
4428	14.870413
4429	13.309977
4430	11.318299
4431	9.5073043
4432	14.786722
4433	14.166003
4434	14.247422
4435	14.525472
4436	14.819623
4437	14.819623
4438	14.819623
4439	14.819623
4440	14.819623
4441	11.911816
4442	11.098461
4443	14.097286
4444	14.5992
4445	13.507506
4446	14.627525
4447	14.627525
4448	13.70494
4449	13.70494
4450	14.334046
4451	13.978552
4452	14.404051
4453	13.902438
4454	13.902438
4455	13.902438
4456	13.267391
4457	10.15287
4458	3.4088355
4459	9.3317134
4460	9.3317134
4461	9.3317134
4462	9.3317134
4463	9.3317134
4464	9.3317134
4465	9.3317134
4466	11.274642
4467	11.274642
4468	11.274642
4469	9.2603226
4470	10.190872
4471	10.190872
4472	9.7631679
4473	9.9771192
4474	9.9771192
4475	9.9771192
4476	9.9771192
4477	9.9771192
4478	9.9771192
4479	12.414787
4480	12.414787
4481	14.697971
4482	14.134105
4483	13.854343
4484	13.854343
4485	13.854343
4486	13.854343
4487	14.764106
4488	14.764106
4489	14.995121
4490	11.834475
4491	14.118037
4492	7.7147548
4493	9.3091621
4494	12.80911
4495	12.576097
4496	12.576097
4497	13.432957
4498	13.432957
4499	13.854992
4500	13.854992
4501	13.202581
4502	13.202581
4503	14.789499
4504	14.789499
4505	13.680806
4506	13.680806
4507	13.680806
4508	13.673685
4509	14.842075
4510	14.842075
4511	14.842075
4512	14.842075
4513	12.394409
4514	13.394166
4515	13.435037
4516	8.2955038
4517	8.2955038
4518	6.6089525
4519	6.6089525
4520	6.6089525
4521	9.8890434
4522	12.51238
4523	10.64074
4524	10.64074
4525	10.712558
4526	11.844345
4527	11.844345
4528	13.213632
4529	13.213632
4530	12.51321
4531	12.271581
4532	9.0039066
4533	14.779916
4534	14.779916
4535	11.072273
4536	11.072273
4537	13.837061
4538	12.371021
4539	12.371021
4540	14.758557
4541	13.243829
4542	13.877772
4543	12.690082
4544	11.402215
4545	10.853827
4546	8.2378494
4547	12.204152
4548	12.204152
4549	12.204152
4550	14.773446
4551	13.525189
4552	14.789982
4553	14.789982
4554	10.312269
4555	13.103357
4556	13.359018
4557	13.359018
4558	13.359018
4559	13.8237
4560	13.764541
4561	13.764541
4562	14.502335
4563	14.91821
4564	14.91821
4565	14.939044
4566	14.896301
4567	14.693119
4568	13.12251
4569	14.176208
4570	14.176208
4571	14.176208
4572	7.4133841
4573	2.8653259
4574	12.791616
4575	12.791616
4576	12.791616
4577	13.558258
4578	13.334718
4579	13.334718
4580	13.334718
4581	14.394399
4582	14.394399
4583	14.82152
4584	13.355525
4585	13.355525
4586	13.355525
4587	13.355525
4588	13.355525
4589	13.355525
4590	14.055538
4591	13.753612
4592	13.835118
4593	13.835118
4594	13.835118
4595	13.217777
4596	13.217777
4597	14.907738
4598	14.907738
4599	14.907738
4600	14.458519
4601	14.458519
4602	14.458519
4603	14.359685
4604	11.722782
4605	12.526147
4606	13.882876
4607	13.242474
4608	11.734843
4609	11.729731
4610	11.729731
4611	11.729731
4612	11.729731
4613	13.947395
4614	8.9548986
4615	8.9548986
4616	10.415641
4617	10.924835
4618	10.924835
4619	12.757503
4620	12.757503
4621	12.558092
4622	12.558092
4623	12.558092
4624	14.448296
4625	12.595918
4626	12.595918
4627	14.938602
4628	14.052619
4629	14.052619
4630	14.052619
4631	14.052619
4632	14.052619
4633	13.291229
4634	13.291229
4635	13.291229
4636	12.296899
4637	14.723558
4638	12.670965
4639	2.4470438
4640	2.8358377
4641	2.8358377
4642	4.7057943
4643	4.7057943
4644	9.1793874
4645	9.4895117
4646	5.6980488
4647	8.2370365
4648	8.2370365
4649	8.2370365
4650	7.7986029
4651	7.7986029
4652	7.7986029
4653	7.7986029
4654	7.7986029
4655	7.7986029
4656	7.7726217
4657	7.7726217
4658	11.176417
4659	10.333447
4660	10.991042
4661	12.898696
4662	12.898696
4663	12.898696
4664	12.898696
4665	12.898696
4666	14.638947
4667	14.638947
4668	12.195819
4669	12.195819
4670	12.195819
4671	14.694883
4672	14.694883
4673	14.694883
4674	13.410131
4675	14.516783
4676	14.516783
4677	12.681085
4678	14.672626
4679	14.4068
4680	14.4068
4681	14.4068
4682	14.4068
4683	14.4068
4684	13.415136
4685	14.048392
4686	11.69741
4687	13.157017
4688	14.555393
4689	14.555393
4690	14.555393
4691	12.736663
4692	13.901826
4693	13.604046
4694	13.604046
4695	13.604046
4696	13.800144
4697	13.112571
4698	13.112571
4699	14.629086
4700	14.629086
4701	7.8311865
4702	9.2235993
4703	8.0197982
4704	8.0197982
4705	12.299317
4706	12.299317
4707	12.299317
4708	13.077302
4709	11.665656
4710	11.665656
4711	14.844346
4712	14.844346
4713	13.721716
4714	13.721716
4715	14.950351
4716	14.950351
4717	14.982455
4718	12.937941
4719	12.937941
4720	12.937941
4721	12.937941
4722	13.496505
4723	13.496505
4724	14.773527
4725	14.773527
4726	14.773527
4727	14.773527
4728	14.514267
4729	13.898701
4730	14.869447
4731	13.132635
4732	13.132635
4733	13.37231
4734	13.593248
4735	12.873798
4736	13.874083
4737	13.874083
4738	9.9861276
4739	9.9861276
4740	9.9861276
4741	11.262877
4742	12.401057
4743	10.463762
4744	14.149166
4745	14.200714
4746	11.457149
4747	11.457149
4748	13.525614
4749	13.525614
4750	11.939787
4751	11.939787
4752	11.939787
4753	11.665447
4754	8.5765275
4755	10.083644
4756	10.083644
4757	13.102318
4758	13.102318
4759	13.102318
4760	13.102318
4761	13.102318
4762	13.102318
4763	13.102318
4764	9.5474624
4765	11.603688
4766	11.603688
4767	11.603688
4768	14.115549
4769	11.173523
4770	11.173523
4771	10.861604
4772	10.861604
4773	12.610488
4774	12.610488
4775	14.200856
4776	14.200856
4777	12.54476
4778	12.54476
4779	12.562244
4780	12.562244
4781	12.562244
4782	12.562244
4783	12.296594
4784	12.296594
4785	12.296594
4786	11.994499
4787	13.404735
4788	14.679249
4789	14.679249
4790	14.098045
4791	13.499479
4792	13.499479
4793	9.8374693
4794	9.8374693
4795	9.8374693
4796	9.8374693
4797	9.8374693
4798	13.698379
4799	13.698379
4800	13.82257
4801	13.656961
4802	10.392875
4803	10.392875
4804	10.698125
4805	11.97077
4806	11.97077
4807	11.97077
4808	12.124587
4809	10.149152
4810	10.149152
4811	8.434824
4812	8.434824
4813	8.434824
4814	8.434824
4815	14.443399
4816	14.443399
4817	14.443399
4818	14.443399
4819	14.443399
4820	14.957353
4821	14.957353
4822	12.083183
4823	14.786405
4824	14.786405
4825	14.702112
4826	12.724349
4827	12.724349
4828	12.724349
4829	12.724349
4830	14.789979
4831	13.490564
4832	13.490564
4833	12.816554
4834	9.279694
4835	9.8720117
4836	9.8720117
4837	9.8720117
4838	14.124863
4839	14.608164
4840	14.608164
4841	14.711598
4842	14.775121
4843	14.775121
4844	12.737523
4845	14.272068
4846	14.272068
4847	14.272068
4848	14.272068
4849	12.084543
4850	14.395815
4851	14.975822
4852	14.975822
4853	14.975822
4854	14.975822
4855	10.669312
4856	14.698257
4857	14.698257
4858	13.95237
4859	13.95237
4860	13.973254
4861	13.944932
4862	13.944932
4863	13.944932
4864	13.944932
4865	14.797162
4866	14.797162
4867	13.911685
4868	13.911685
4869	13.911685
4870	12.876279
4871	12.876279
4872	12.876279
4873	13.901963
4874	13.964061
4875	14.762007
4876	12.151572
4877	14.558776
4878	14.558776
4879	14.558776
4880	13.270405
4881	14.851859
4882	14.245884
4883	14.245884
4884	12.308563
4885	13.960197
4886	13.960197
4887	13.231249
4888	13.207724
4889	13.43949
4890	13.43949
4891	13.43949
4892	14.181705
4893	14.181705
4894	11.468587
4895	11.530484
4896	9.9924754
4897	1.2625473
4898	2.0257758
4899	10.948766
4900	10.948766
4901	14.963349
4902	14.963349
4903	14.963349
4904	13.651764
4905	14.371421
4906	14.371421
4907	14.436269
4908	14.247748
4909	14.247748
4910	12.905637
4911	12.905637
4912	12.905637
4913	13.155305
4914	6.867214
4915	6.867214
4916	9.5225519
4917	11.509331
4918	13.905952
4919	10.871194
4920	13.846851
4921	14.357402
4922	11.672035
4923	12.807407
4924	12.807407
4925	12.807407
4926	12.807407
4927	14.471182
4928	14.755506
4929	12.00506
4930	4.3021992
4931	4.3021992
4932	4.3021992
4933	4.3021992
4934	4.3021992
4935	7.494414
4936	7.494414
4937	13.333235
4938	7.7656665
4939	7.659032
4940	8.0884418
4941	8.0884418
4942	9.3423376
4943	9.3423376
4944	14.350113
4945	14.350113
4946	11.654205
4947	11.210803
4948	14.269002
4949	14.269002
4950	14.269002
4951	11.092176
4952	13.01518
4953	10.992937
4954	10.992937
4955	14.690754
4956	14.690754
4957	14.690754
4958	13.961045
4959	12.635634
4960	9.197455
4961	9.197455
4962	9.197455
4963	9.197455
4964	14.592675
4965	13.854167
4966	13.854167
4967	13.854167
4968	13.854167
4969	13.854167
4970	13.399455
4971	13.399455
4972	9.6144737
4973	9.6144737
4974	9.6144737
4975	12.331562
4976	13.460574
4977	13.155635
4978	13.155635
4979	14.044504
4980	14.263611
4981	14.854886
4982	14.658058
4983	14.658058
4984	14.588773
4985	9.3585243
4986	9.3585243
4987	14.857737
4988	14.857737
4989	14.675166
4990	14.750482
4991	14.750482
4992	14.750482
4993	14.748562
4994	14.748562
4995	14.748562
4996	13.266404
4997	13.266404
4998	13.266404
4999	14.394202
