0	6.7861668
1	8.6543274
2	8.9816508
3	8.9816508
4	8.9816508
5	8.9816508
6	9.1110962
7	9.1110962
8	10.701129
9	10.701129
10	10.701129
11	9.0289731
12	11.207315
13	11.207315
14	11.207315
15	8.8264436
16	8.8264436
17	8.8264436
18	8.212626
19	8.212626
20	8.5031035
21	8.5031035
22	8.4587697
23	8.4587697
24	8.4587697
25	8.4587697
26	10.109025
27	11.649375
28	11.462965
29	11.462965
30	11.877797
31	11.877797
32	11.877797
33	9.8108645
34	9.8108645
35	9.8108645
36	11.088107
37	11.088107
38	11.983545
39	11.983545
40	11.983545
41	11.983545
42	11.783258
43	10.812469
44	10.812469
45	11.610375
46	11.610375
47	11.610375
48	11.433758
49	11.433758
50	11.448043
51	11.448043
52	11.448043
53	10.88865
54	10.88865
55	10.88865
56	10.88865
57	10.88865
58	11.474023
59	11.474023
60	11.474023
61	11.474023
62	10.019452
63	10.019452
64	10.019452
65	10.019452
66	10.019452
67	9.8330296
68	9.933619
69	9.933619
70	7.2148548
71	8.3289295
72	11.648983
73	7.659786
74	11.490981
75	11.490981
76	10.659717
77	10.659717
78	10.659717
79	11.790339
80	11.790339
81	9.9757344
82	9.9757344
83	10.80236
84	10.80236
85	10.80236
86	10.476177
87	9.2385053
88	9.2385053
89	9.2385053
90	9.2990844
91	9.2990844
92	9.2990844
93	11.668277
94	11.668277
95	10.954443
96	10.612354
97	6.8573057
98	8.3646849
99	10.719064
100	10.719064
101	11.87512
102	11.87512
103	11.87512
104	11.824105
105	11.710539
106	10.815931
107	10.815931
108	11.361296
109	11.361296
110	7.0746315
111	7.0746315
112	7.1934449
113	6.6494114
114	9.0001246
115	9.0001246
116	10.007139
117	10.167207
118	11.28581
119	11.28581
120	11.28581
121	11.28581
122	9.9977696
123	9.9977696
124	9.9977696
125	9.9977696
126	10.044747
127	9.524531
128	11.060059
129	11.060059
130	11.375351
131	11.375351
132	11.375351
133	11.832469
134	11.832469
135	11.922662
136	11.627669
137	11.627669
138	11.627669
139	10.24399
140	10.556456
141	10.556456
142	10.556456
143	7.0691669
144	8.2770029
145	8.6928919
146	11.141958
147	11.753095
148	10.976111
149	10.976111
150	10.976111
151	7.4094819
152	7.4094819
153	10.273708
154	11.522558
155	10.002193
156	10.002193
157	11.893235
158	10.781513
159	10.781513
160	10.781513
161	11.830834
162	11.558329
163	10.42171
164	10.42171
165	10.715161
166	11.852572
167	11.827991
168	11.827991
169	11.827991
170	11.827991
171	11.827991
172	10.734165
173	9.8854958
174	11.973503
175	6.9259261
176	10.067355
177	10.067355
178	10.067355
179	11.018166
180	11.018166
181	11.018166
182	11.247607
183	11.247607
184	11.853504
185	11.015323
186	11.015323
187	11.015323
188	11.015323
189	11.015323
190	9.9742766
191	9.9742766
192	9.9742766
193	9.9742766
194	8.4242154
195	8.5643112
196	8.5643112
197	10.178103
198	10.178103
199	10.178103
200	11.668
201	11.74916
202	11.74916
203	11.74916
204	11.74916
205	11.74916
206	10.979002
207	10.979002
208	10.979002
209	10.979002
210	10.979002
211	11.568983
212	11.568983
213	11.568983
214	11.568983
215	11.568983
216	11.568983
217	11.331348
218	11.622803
219	11.622803
220	11.491209
221	9.1480721
222	9.1480721
223	11.42592
224	10.722251
225	10.722251
226	10.722251
227	10.722251
228	10.675277
229	10.675277
230	10.675277
231	11.960416
232	11.960416
233	11.903468
234	11.903468
235	10.994677
236	10.354138
237	10.338986
238	10.338986
239	10.363589
240	5.9949892
241	5.9949892
242	3.6225346
243	8.6100474
244	9.0562569
245	10.739778
246	11.685876
247	11.685876
248	9.2451737
249	11.271179
250	10.340328
251	10.87101
252	10.87101
253	11.411179
254	11.289318
255	11.913397
256	8.9400949
257	8.2749694
258	8.2749694
259	7.850968
260	10.524093
261	11.906801
262	11.906801
263	11.906801
264	11.906801
265	9.3400278
266	8.5555273
267	8.5555273
268	11.556295
269	11.556295
270	11.556295
271	11.556295
272	9.790406
273	8.2856665
274	8.6525066
275	8.6525066
276	11.11854
277	11.474886
278	8.8490917
279	8.8490917
280	8.803006
281	8.803006
282	2.585453
283	2.585453
284	4.6356808
285	4.6356808
286	10.811011
287	11.46251
288	11.46251
289	11.46251
290	11.46251
291	11.380683
292	11.380683
293	11.380683
294	11.380683
295	11.380683
296	11.380683
297	11.380683
298	11.380683
299	11.380683
300	11.380683
301	11.802338
302	11.802338
303	11.802338
304	11.802338
305	11.802338
306	11.441269
307	11.042023
308	10.740244
309	11.317909
310	10.536062
311	10.536062
312	11.61447
313	10.026829
314	10.026829
315	9.9743804
316	9.9743804
317	9.9743804
318	10.982855
319	9.4060561
320	9.4060561
321	9.4060561
322	9.4060561
323	9.4060561
324	9.4060561
325	8.8711457
326	11.33692
327	7.0483764
328	4.7095594
329	4.7095594
330	4.7095594
331	4.7095594
332	4.7095594
333	4.7095594
334	10.188518
335	10.188518
336	10.188518
337	10.188518
338	10.351376
339	11.117101
340	11.117101
341	11.117101
342	11.117101
343	11.117101
344	11.117101
345	11.117101
346	9.7128227
347	9.7128227
348	11.449535
349	11.449535
350	11.449535
351	10.193833
352	10.193833
353	10.193833
354	10.193833
355	7.2404729
356	11.485593
357	11.485593
358	11.052793
359	11.052793
360	11.052793
361	11.268434
362	11.268434
363	11.827731
364	11.827731
365	11.554928
366	11.554928
367	11.621033
368	8.9115605
369	6.9763953
370	7.5109273
371	7.8259943
372	7.8259943
373	7.8259943
374	9.3341296
375	8.8209253
376	8.8209253
377	10.784193
378	11.881292
379	11.881292
380	11.881292
381	11.881292
382	11.881292
383	11.881292
384	11.677164
385	11.677164
386	11.791229
387	8.8463883
388	8.8463883
389	8.8463883
390	8.8463883
391	3.3081137
392	3.3081137
393	4.4332735
394	0.97877172
395	0.97877172
396	5.1204089
397	5.1204089
398	7.0807407
399	10.878336
400	10.878336
401	11.045858
402	11.045858
403	11.045858
404	11.795162
405	11.795162
406	11.795162
407	11.795162
408	11.795162
409	11.795162
410	11.899937
411	9.7877088
412	9.7877088
413	10.176215
414	9.6457102
415	11.704846
416	11.704846
417	11.435394
418	11.435394
419	11.435394
420	11.435394
421	11.511704
422	11.511704
423	11.626628
424	11.377871
425	11.679462
426	11.679462
427	11.776814
428	11.367191
429	11.812464
430	10.065393
431	9.9308639
432	9.9308639
433	10.815023
434	10.821881
435	10.821881
436	10.821881
437	10.821881
438	11.755083
439	11.755083
440	11.755083
441	11.578114
442	11.106293
443	11.884232
444	11.884232
445	11.884232
446	11.884232
447	11.884232
448	10.971509
449	10.971509
450	10.971509
451	11.177797
452	10.687335
453	11.92405
454	11.92405
455	11.92405
456	10.694854
457	6.4811013
458	6.4811013
459	9.5773241
460	11.3093
461	11.3093
462	9.1572464
463	9.1450796
464	4.0674392
465	7.8931474
466	8.1861281
467	8.1861281
468	8.1861281
469	8.1861281
470	8.1861281
471	8.6464655
472	8.6464655
473	9.9146653
474	11.854826
475	11.854826
476	10.08707
477	7.9002846
478	10.607578
479	11.733456
480	10.004206
481	10.004206
482	11.369638
483	11.216747
484	11.216747
485	11.216747
486	11.216747
487	11.216747
488	11.216747
489	11.216747
490	9.710227
491	11.128945
492	11.786529
493	11.786529
494	11.238821
495	11.311445
496	11.311445
497	9.1977157
498	8.9794895
499	8.9794895
500	8.9794895
501	11.102475
502	11.640802
503	11.640802
504	11.640802
505	11.640802
506	8.9413091
507	9.8708179
508	10.103509
509	11.590068
510	11.590068
511	11.923807
512	10.207368
513	10.207368
514	8.6788106
515	9.1539929
516	8.1476827
517	6.4933224
518	6.4933224
519	6.4933224
520	10.830159
521	11.114362
522	11.114362
523	11.111454
524	9.2724476
525	10.206387
526	10.17635
527	11.158097
528	11.158097
529	11.158097
530	10.739735
531	11.329664
532	11.329664
533	11.030611
534	11.030611
535	11.030611
536	11.790773
537	8.3951156
538	8.7579221
539	8.6449608
540	8.8461217
541	7.8492265
542	9.0400848
543	9.0400848
544	8.5831199
545	8.5831199
546	11.557847
547	11.557847
548	11.557847
549	5.4806921
550	10.308128
551	10.308128
552	8.1267469
553	7.9174621
554	7.9174621
555	7.9174621
556	7.9174621
557	10.897344
558	10.897344
559	11.836005
560	11.658383
561	11.421194
562	7.8956844
563	8.3469289
564	6.846665
565	6.846665
566	10.556753
567	9.7468046
568	9.7468046
569	9.7468046
570	6.6183317
571	9.000404
572	9.000404
573	8.8874585
574	9.734898
575	11.100108
576	11.100108
577	8.9469102
578	9.535545
579	9.535545
580	9.535545
581	10.056238
582	10.056238
583	11.316686
584	9.6961715
585	10.395998
586	10.395998
587	10.395998
588	10.395998
589	10.649098
590	11.311377
591	11.589777
592	11.207325
593	11.207325
594	11.207325
595	11.207325
596	10.583448
597	11.881624
598	11.881624
599	11.881624
600	11.881624
601	11.881624
602	11.972286
603	11.972286
604	11.972286
605	11.972286
606	11.972286
607	11.280694
608	9.9647825
609	9.9647825
610	9.0760406
611	9.9008056
612	9.9008056
613	9.9008056
614	9.8310137
615	10.467258
616	11.731281
617	11.731281
618	11.731281
619	7.5560553
620	11.871822
621	11.871822
622	11.871822
623	11.871822
624	11.871822
625	11.871822
626	11.871822
627	11.871822
628	11.871822
629	11.871822
630	11.871822
631	11.799276
632	11.14183
633	9.4384137
634	9.4384137
635	8.1313142
636	8.1313142
637	10.185812
638	11.254594
639	10.986009
640	11.895587
641	11.895587
642	9.6108903
643	11.442516
644	11.442516
645	11.899695
646	11.899695
647	11.899695
648	10.687225
649	10.687225
650	11.969153
651	11.969153
652	11.969153
653	11.216624
654	11.384996
655	11.016538
656	11.016538
657	11.352326
658	11.352326
659	11.352326
660	10.355643
661	10.355643
662	11.44964
663	11.376102
664	11.376102
665	11.376102
666	11.376102
667	11.376102
668	10.719904
669	11.570858
670	11.570858
671	11.570858
672	11.570858
673	10.194048
674	10.551483
675	9.9258456
676	9.9258456
677	9.9258456
678	9.9258456
679	9.9258456
680	9.9258456
681	10.573629
682	9.7823579
683	9.7823579
684	10.064965
685	9.6239152
686	9.6239152
687	9.6239152
688	10.447152
689	11.691434
690	11.789387
691	9.7496706
692	9.7496706
693	9.7496706
694	9.7496706
695	9.7496706
696	9.7496706
697	9.7496706
698	8.0109979
699	8.0109979
700	10.813348
701	10.813348
702	11.81543
703	10.704867
704	11.96604
705	10.500291
706	10.500291
707	8.9408967
708	8.9408967
709	10.277162
710	10.277162
711	8.0619012
712	8.0619012
713	11.365248
714	11.365248
715	9.9993864
716	9.9993864
717	11.903342
718	11.903342
719	11.903342
720	11.903342
721	11.903342
722	9.9715523
723	9.9715523
724	11.504079
725	11.338586
726	11.338586
727	11.338586
728	11.338586
729	11.338586
730	11.442624
731	11.442624
732	8.2354696
733	8.2354696
734	8.2354696
735	10.240397
736	11.09503
737	11.126376
738	11.427543
739	10.675613
740	11.300173
741	11.300173
742	11.300173
743	11.162992
744	11.162992
745	11.162992
746	10.205124
747	9.2529985
748	8.9670252
749	8.9670252
750	8.3541751
751	8.3541751
752	10.041096
753	10.041096
754	10.041096
755	10.041096
756	10.167755
757	10.384575
758	11.942926
759	11.942926
760	11.291918
761	11.291918
762	10.726484
763	11.578557
764	11.578557
765	11.647134
766	11.439256
767	10.00403
768	10.00403
769	9.6158514
770	11.883689
771	11.883689
772	11.883689
773	11.883689
774	11.883689
775	8.9882608
776	8.9882608
777	7.6527423
778	7.6527423
779	10.607345
780	11.775798
781	11.775798
782	11.055155
783	11.373664
784	11.373664
785	11.373664
786	11.373664
787	11.373664
788	11.373664
789	11.128208
790	11.128208
791	11.128208
792	11.128208
793	11.834246
794	11.834246
795	11.834246
796	11.834246
797	11.834246
798	11.962244
799	11.881904
800	11.881904
801	11.881904
802	9.4975019
803	9.4975019
804	10.306788
805	10.306788
806	10.306788
807	10.306788
808	10.306788
809	11.713409
810	11.259644
811	11.259644
812	11.513691
813	11.513691
814	11.513691
815	11.513691
816	10.616485
817	10.616485
818	9.8532027
819	9.8532027
820	11.471399
821	11.471399
822	11.471399
823	11.471399
824	11.471399
825	10.114588
826	10.114588
827	10.114588
828	9.2959701
829	9.2959701
830	8.017866
831	8.3239757
832	8.3239757
833	10.695435
834	10.695435
835	10.189024
836	11.679076
837	11.679076
838	11.681974
839	11.681974
840	11.13877
841	11.879584
842	10.919046
843	11.969821
844	11.218275
845	11.218275
846	11.218275
847	11.71304
848	11.71304
849	9.6654367
850	9.6654367
851	9.6654367
852	11.933208
853	11.933208
854	11.933208
855	10.09057
856	10.849543
857	11.928412
858	11.45674
859	11.45674
860	11.45674
861	11.503686
862	11.057299
863	11.057299
864	11.057299
865	11.057299
866	11.237108
867	11.237108
868	11.441586
869	11.441586
870	11.441586
871	10.236594
872	11.870969
873	11.870969
874	8.9027221
875	8.9027221
876	10.068638
877	10.068638
878	11.893926
879	11.893926
880	11.749951
881	11.749951
882	11.749951
883	11.549676
884	10.287365
885	11.355866
886	11.744298
887	11.037121
888	11.353259
889	11.353259
890	11.677882
891	11.677882
892	10.139812
893	9.4900226
894	9.4900226
895	11.269043
896	10.807611
897	10.844531
898	9.8636218
899	8.3930613
900	8.3930613
901	3.4768453
902	10.473752
903	10.473752
904	10.473752
905	9.7561204
906	9.9768929
907	11.560947
908	8.639937
909	8.639937
910	7.6772669
911	7.6772669
912	7.6772669
913	7.6772669
914	8.5624582
915	8.5624582
916	8.5624582
917	9.5422129
918	9.5422129
919	9.5422129
920	9.5422129
921	9.5422129
922	10.447365
923	10.281765
924	10.281765
925	10.281765
926	10.281765
927	10.281765
928	11.860194
929	11.860194
930	11.860194
931	11.860194
932	11.860194
933	11.828872
934	11.828872
935	10.504476
936	10.504476
937	11.327017
938	11.327017
939	10.104149
940	10.16361
941	9.9400433
942	8.5236993
943	8.8322061
944	11.561435
945	11.561435
946	11.561435
947	10.075622
948	10.030069
949	10.002255
950	10.002255
951	10.002255
952	11.824006
953	11.594922
954	10.615104
955	11.689621
956	11.188283
957	10.060907
958	8.3296183
959	11.136738
960	10.457926
961	10.457926
962	10.457926
963	10.457926
964	11.546447
965	8.9934341
966	8.9934341
967	8.9934341
968	10.629853
969	10.210709
970	10.210709
971	10.210709
972	10.210709
973	10.210709
974	10.106267
975	10.384425
976	10.384425
977	10.384425
978	10.384425
979	10.384425
980	10.384425
981	10.384425
982	10.390927
983	10.390927
984	11.223771
985	10.413036
986	10.413036
987	10.790428
988	10.790428
989	10.790428
990	9.9558892
991	9.9558892
992	11.664439
993	11.664439
994	11.839109
995	11.839109
996	9.1766964
997	9.1766964
998	11.38774
999	10.069137
1000	10.204526
1001	9.5997999
1002	9.5997999
1003	11.792655
1004	7.2163655
1005	7.2163655
1006	7.2163655
1007	7.2163655
1008	3.7597545
1009	3.7597545
1010	3.7597545
1011	3.7597545
1012	5.5395413
1013	5.5395413
1014	5.4052206
1015	5.0212938
1016	5.0212938
1017	5.0212938
1018	5.0212938
1019	5.4370428
1020	5.4370428
1021	5.4370428
1022	5.4370428
1023	5.4370428
1024	2.986107
1025	6.6633081
1026	6.6633081
1027	11.398916
1028	11.398916
1029	11.398916
1030	11.398916
1031	10.565336
1032	10.565336
1033	7.2438378
1034	7.2438378
1035	7.2438378
1036	7.2438378
1037	5.7877644
1038	4.1576624
1039	4.1576624
1040	6.5936923
1041	3.0189535
1042	1.3624365
1043	4.3095862
1044	3.7903259
1045	5.2841538
1046	7.7316275
1047	10.650709
1048	10.650709
1049	10.650709
1050	10.650709
1051	10.650709
1052	11.613417
1053	9.5183718
1054	9.5183718
1055	9.5183718
1056	9.5183718
1057	10.590271
1058	10.590271
1059	9.9311825
1060	11.587403
1061	11.519161
1062	11.519161
1063	11.983415
1064	11.983415
1065	9.045319
1066	9.045319
1067	9.045319
1068	6.9150355
1069	1.6919486
1070	7.0693191
1071	7.0454112
1072	7.0454112
1073	11.242541
1074	10.828757
1075	11.464832
1076	11.464832
1077	11.464832
1078	11.464832
1079	11.398503
1080	11.398503
1081	11.117159
1082	11.117159
1083	11.613221
1084	11.613221
1085	11.613221
1086	11.613221
1087	11.702655
1088	10.077316
1089	9.2132236
1090	9.2132236
1091	11.835773
1092	11.835773
1093	9.3241381
1094	9.3241381
1095	7.6725204
1096	7.6725204
1097	7.6725204
1098	10.407863
1099	10.407863
1100	10.407863
1101	10.407863
1102	10.407863
1103	10.407863
1104	7.041484
1105	7.7547029
1106	7.3171658
1107	7.3171658
1108	7.420447
1109	6.8064065
1110	6.8064065
1111	6.8064065
1112	7.0888192
1113	7.0888192
1114	8.2168108
1115	4.1204879
1116	6.8777203
1117	6.8777203
1118	6.8777203
1119	6.8777203
1120	5.6565619
1121	11.859925
1122	11.73788
1123	11.73788
1124	11.73788
1125	11.73788
1126	8.9778581
1127	8.9778581
1128	10.627007
1129	11.954987
1130	8.7849442
1131	7.1226624
1132	11.0348
1133	11.0348
1134	11.0348
1135	8.4932059
1136	8.4932059
1137	8.4932059
1138	7.9092407
1139	7.8467166
1140	8.2328974
1141	8.2328974
1142	11.567751
1143	11.567751
1144	11.567751
1145	11.082791
1146	11.082791
1147	11.082791
1148	11.082791
1149	11.082791
1150	11.082791
1151	11.082791
1152	9.4752045
1153	9.5200537
1154	9.1705251
1155	6.1406469
1156	10.45999
1157	10.15216
1158	11.390587
1159	11.390587
1160	8.2196101
1161	7.8497626
1162	6.5008603
1163	6.5008603
1164	11.62602
1165	11.62602
1166	10.430929
1167	10.520804
1168	10.520804
1169	9.7738408
1170	9.7738408
1171	11.787977
1172	10.880352
1173	11.42453
1174	11.20528
1175	11.20528
1176	11.20528
1177	11.20528
1178	11.187988
1179	10.907868
1180	10.907868
1181	10.306123
1182	5.5999327
1183	5.1021243
1184	5.1021243
1185	5.1021243
1186	6.2893454
1187	6.2893454
1188	6.2893454
1189	10.333432
1190	10.333432
1191	9.4346953
1192	9.4346953
1193	11.984298
1194	10.50815
1195	9.8131417
1196	9.8131417
1197	10.7869
1198	10.7869
1199	10.7869
1200	10.7869
1201	10.7869
1202	6.3890038
1203	6.3890038
1204	6.3890038
1205	6.3890038
1206	6.3890038
1207	8.0285645
1208	7.3664476
1209	7.3664476
1210	7.3664476
1211	8.0616133
1212	8.0616133
1213	8.0616133
1214	8.0616133
1215	6.8860176
1216	6.602336
1217	6.602336
1218	6.7945366
1219	6.7945366
1220	6.7945366
1221	6.7945366
1222	6.7945366
1223	6.7945366
1224	4.2975389
1225	11.2522
1226	11.532065
1227	11.532065
1228	11.666317
1229	11.666317
1230	11.666317
1231	10.659659
1232	11.696679
1233	11.696679
1234	11.696679
1235	11.900956
1236	10.438609
1237	10.438609
1238	10.438609
1239	10.38068
1240	10.38068
1241	10.998531
1242	11.023303
1243	11.023303
1244	11.180392
1245	11.180392
1246	11.008014
1247	11.008014
1248	11.008014
1249	11.537118
1250	11.537118
1251	10.358496
1252	10.358496
1253	11.041046
1254	9.7147382
1255	10.724348
1256	7.6604659
1257	9.0676668
1258	11.910856
1259	11.509933
1260	8.6158966
1261	4.7527844
1262	4.7527844
1263	4.7527844
1264	8.935013
1265	8.935013
1266	8.935013
1267	8.935013
1268	8.935013
1269	9.8606148
1270	9.8606148
1271	11.403868
1272	11.403868
1273	10.692358
1274	10.630478
1275	11.934905
1276	11.934905
1277	11.863246
1278	10.941586
1279	8.3063393
1280	-0.35333255
1281	-0.35333255
1282	3.0385412
1283	3.0385412
1284	3.0385412
1285	3.0385412
1286	5.5942385
1287	8.0394934
1288	8.0394934
1289	8.0394934
1290	10.355937
1291	10.355937
1292	9.5828143
1293	7.5330662
1294	7.9924965
1295	11.71113
1296	11.71113
1297	10.999767
1298	11.925427
1299	11.439348
1300	11.439348
1301	11.404169
1302	11.565383
1303	11.565383
1304	11.565383
1305	11.565383
1306	11.565383
1307	10.735862
1308	7.9201948
1309	9.1470278
1310	7.5592678
1311	9.241716
1312	9.241716
1313	9.241716
1314	9.241716
1315	8.4241882
1316	11.93285
1317	11.197488
1318	10.897563
1319	10.897563
1320	10.897563
1321	10.897563
1322	10.897563
1323	10.897563
1324	11.9307
1325	11.9307
1326	11.9307
1327	11.9307
1328	11.9307
1329	11.9307
1330	11.413353
1331	9.4387752
1332	9.4387752
1333	9.4387752
1334	7.0705365
1335	9.8594143
1336	9.8594143
1337	9.8594143
1338	11.444793
1339	11.444793
1340	11.444793
1341	11.543173
1342	11.543173
1343	11.284488
1344	11.220696
1345	10.408461
1346	10.511375
1347	10.511375
1348	6.216313
1349	6.216313
1350	-0.27027603
1351	7.7571251
1352	9.5149939
1353	9.5149939
1354	10.765483
1355	10.765483
1356	11.408663
1357	10.849397
1358	11.217724
1359	11.217724
1360	11.217724
1361	9.8518439
1362	11.911049
1363	11.911049
1364	9.8811919
1365	10.997485
1366	10.997485
1367	10.997485
1368	10.009145
1369	10.009145
1370	10.061551
1371	10.061551
1372	11.645604
1373	10.027454
1374	10.027454
1375	10.027454
1376	10.027454
1377	10.027454
1378	11.657341
1379	11.657341
1380	10.59631
1381	9.4741815
1382	9.4741815
1383	11.108671
1384	11.108671
1385	11.108671
1386	11.108671
1387	11.108671
1388	11.498076
1389	11.980292
1390	11.980292
1391	11.358355
1392	9.5271216
1393	10.427421
1394	9.8925354
1395	9.8925354
1396	11.626541
1397	11.426838
1398	11.426838
1399	11.426838
1400	11.426838
1401	11.426838
1402	11.426838
1403	9.8701629
1404	10.595093
1405	10.922095
1406	10.922095
1407	11.732629
1408	10.149465
1409	10.149465
1410	10.149465
1411	10.149465
1412	10.149465
1413	11.559725
1414	11.454922
1415	11.454922
1416	11.454922
1417	11.454922
1418	11.881403
1419	11.881403
1420	11.449412
1421	10.650701
1422	10.650701
1423	11.269077
1424	11.474512
1425	11.232105
1426	11.232105
1427	11.232105
1428	10.622361
1429	10.008331
1430	10.008331
1431	10.008331
1432	11.901673
1433	11.901673
1434	11.901673
1435	11.901673
1436	11.901673
1437	11.901673
1438	11.901673
1439	11.901673
1440	11.901673
1441	11.901673
1442	11.647092
1443	11.17535
1444	11.722764
1445	11.722764
1446	11.055653
1447	11.055653
1448	11.055653
1449	11.055653
1450	11.448239
1451	11.448239
1452	10.042723
1453	10.042723
1454	9.6054027
1455	9.6054027
1456	9.5923462
1457	9.5923462
1458	9.5923462
1459	7.7091041
1460	8.1234864
1461	5.8448678
1462	5.8448678
1463	5.5039074
1464	10.370516
1465	10.370516
1466	9.6156276
1467	9.1099676
1468	9.1099676
1469	9.1099676
1470	9.1099676
1471	9.1099676
1472	11.52978
1473	11.52978
1474	11.52978
1475	11.469668
1476	10.101764
1477	10.101764
1478	7.2369821
1479	7.886678
1480	11.226178
1481	11.049247
1482	11.13197
1483	11.853686
1484	11.853686
1485	11.993675
1486	11.993675
1487	11.993675
1488	11.993675
1489	11.993675
1490	11.993675
1491	11.993675
1492	8.5510248
1493	10.26891
1494	10.256635
1495	10.256635
1496	10.256635
1497	11.5152
1498	11.578704
1499	11.31243
1500	11.407306
1501	7.2627983
1502	8.9372281
1503	8.9372281
1504	9.3895487
1505	11.545256
1506	9.2399328
1507	9.2071136
1508	11.009999
1509	10.917839
1510	11.377302
1511	10.75604
1512	10.186176
1513	10.186176
1514	10.186176
1515	9.8023275
1516	9.8023275
1517	9.8023275
1518	11.671405
1519	11.671405
1520	11.396503
1521	11.396503
1522	11.396503
1523	10.788262
1524	11.555729
1525	11.555729
1526	11.555729
1527	9.9807212
1528	9.9807212
1529	9.9807212
1530	8.7028719
1531	8.7028719
1532	6.4682295
1533	6.4682295
1534	10.750081
1535	9.8819147
1536	9.8819147
1537	9.8819147
1538	9.6874215
1539	11.727742
1540	9.6335332
1541	8.1049484
1542	8.1049484
1543	7.6762864
1544	0.47299572
1545	0.47299572
1546	-1.2548209
1547	-0.84339839
1548	8.9321394
1549	6.7182749
1550	11.376
1551	11.376
1552	11.897846
1553	11.354712
1554	11.354712
1555	11.354712
1556	9.5115913
1557	10.029347
1558	10.029347
1559	10.029347
1560	10.029347
1561	10.029347
1562	11.885382
1563	11.885382
1564	11.63248
1565	11.230869
1566	8.6099077
1567	8.6099077
1568	10.296465
1569	9.7645725
1570	9.7645725
1571	11.978745
1572	10.377302
1573	10.377302
1574	10.358448
1575	9.9620708
1576	9.9620708
1577	11.684809
1578	11.912945
1579	11.912945
1580	11.912945
1581	11.506343
1582	7.2858014
1583	11.68021
1584	11.68021
1585	11.68021
1586	11.905967
1587	11.905967
1588	11.905967
1589	11.905967
1590	11.905967
1591	11.829738
1592	11.829738
1593	11.829738
1594	11.829738
1595	11.829738
1596	11.829738
1597	10.571524
1598	8.4444957
1599	8.4444957
1600	8.9713689
1601	10.804591
1602	10.906446
1603	11.58211
1604	11.58211
1605	11.58092
1606	11.985648
1607	11.241081
1608	11.241081
1609	11.481763
1610	5.1067627
1611	5.1067627
1612	10.624843
1613	6.092201
1614	5.7883925
1615	9.4590325
1616	9.3825085
1617	11.457501
1618	10.835732
1619	11.656675
1620	11.128308
1621	11.128308
1622	11.128308
1623	11.940577
1624	11.940577
1625	11.635193
1626	11.635193
1627	11.635193
1628	9.4145249
1629	9.4145249
1630	9.4145249
1631	8.8413403
1632	9.7829662
1633	9.7829662
1634	9.7829662
1635	9.7829662
1636	9.7829662
1637	9.7829662
1638	10.642942
1639	10.642942
1640	10.642942
1641	10.642942
1642	11.165002
1643	11.165002
1644	11.165002
1645	9.4874505
1646	10.39411
1647	10.39411
1648	11.493207
1649	11.493207
1650	11.276969
1651	11.276969
1652	11.05263
1653	11.505516
1654	11.505516
1655	11.505516
1656	11.872969
1657	9.672622
1658	11.125804
1659	11.125804
1660	11.989039
1661	11.989039
1662	11.989039
1663	11.989039
1664	10.833183
1665	10.833183
1666	10.59841
1667	9.5189654
1668	6.3677696
1669	6.3677696
1670	6.3677696
1671	6.3677696
1672	10.10803
1673	10.10803
1674	9.4336908
1675	9.4336908
1676	10.007921
1677	10.007921
1678	10.007921
1679	11.840044
1680	8.741065
1681	11.58844
1682	11.302932
1683	11.637076
1684	11.637076
1685	11.470023
1686	6.7304056
1687	6.7304056
1688	7.1806204
1689	7.1806204
1690	5.1452141
1691	6.9226257
1692	6.9226257
1693	6.9226257
1694	10.449567
1695	10.449567
1696	11.384732
1697	11.345211
1698	11.894019
1699	11.476739
1700	11.476739
1701	11.476739
1702	11.011254
1703	11.937898
1704	11.636797
1705	11.636797
1706	11.162515
1707	8.4235558
1708	8.4235558
1709	6.8193362
1710	6.8193362
1711	8.2053742
1712	8.2053742
1713	10.696212
1714	10.696212
1715	10.696212
1716	11.354185
1717	11.354185
1718	11.354185
1719	9.7722593
1720	9.8563612
1721	8.7276403
1722	10.844778
1723	11.816404
1724	11.844713
1725	11.844713
1726	10.816887
1727	10.816887
1728	11.044453
1729	11.044453
1730	11.668192
1731	11.368354
1732	11.368354
1733	11.82147
1734	11.82147
1735	10.713616
1736	10.515757
1737	9.9233487
1738	10.899685
1739	11.845796
1740	11.693272
1741	11.646296
1742	10.484241
1743	10.865887
1744	11.144929
1745	11.144929
1746	11.572573
1747	11.572573
1748	10.621802
1749	3.928201
1750	3.928201
1751	8.1603565
1752	8.1603565
1753	8.1603565
1754	11.69902
1755	10.473362
1756	11.041814
1757	11.041814
1758	11.041814
1759	10.940282
1760	10.940282
1761	10.940282
1762	11.817569
1763	9.7093896
1764	8.0539718
1765	8.0539718
1766	10.944191
1767	10.941779
1768	11.948172
1769	11.948172
1770	10.299446
1771	10.299446
1772	11.901231
1773	11.901231
1774	11.901231
1775	11.901231
1776	11.901231
1777	11.901231
1778	11.901231
1779	11.901231
1780	11.901231
1781	11.901231
1782	11.901231
1783	11.901231
1784	11.901231
1785	11.901231
1786	11.901231
1787	8.5998056
1788	8.5998056
1789	8.5998056
1790	8.5998056
1791	8.5998056
1792	11.71001
1793	11.71001
1794	11.71001
1795	11.71001
1796	10.789251
1797	11.98894
1798	11.98894
1799	11.98894
1800	11.98894
1801	9.6644195
1802	11.07177
1803	11.841664
1804	11.688421
1805	11.688421
1806	9.5862121
1807	10.70537
1808	11.510205
1809	11.510205
1810	10.646776
1811	11.266621
1812	11.266621
1813	11.266621
1814	11.266621
1815	11.799138
1816	11.799138
1817	11.799138
1818	11.562971
1819	11.12755
1820	11.12755
1821	11.12755
1822	9.0154563
1823	9.0154563
1824	11.958666
1825	11.958666
1826	11.958666
1827	11.958666
1828	11.069472
1829	11.069472
1830	11.069472
1831	11.069472
1832	11.069472
1833	11.069472
1834	11.069472
1835	11.131164
1836	11.131164
1837	11.131164
1838	11.966463
1839	11.966463
1840	10.988771
1841	7.3061827
1842	3.5469365
1843	4.3298352
1844	4.228703
1845	4.3869877
1846	6.9218262
1847	10.066867
1848	10.066867
1849	10.066867
1850	8.49605
1851	7.9970871
1852	7.9970871
1853	7.9970871
1854	10.985942
1855	8.3810789
1856	11.390395
1857	11.591562
1858	9.6493202
1859	11.014636
1860	11.014636
1861	11.064112
1862	9.450825
1863	9.3585736
1864	9.7201904
1865	9.1225488
1866	9.1225488
1867	9.1225488
1868	9.1225488
1869	10.904615
1870	10.904615
1871	11.219969
1872	11.219969
1873	9.2506004
1874	9.8522688
1875	9.4070505
1876	9.4070505
1877	9.4070505
1878	10.058993
1879	9.8602422
1880	11.205862
1881	11.205862
1882	11.205862
1883	10.733333
1884	10.733333
1885	10.733333
1886	10.733333
1887	10.733333
1888	7.4219779
1889	7.4219779
1890	7.4219779
1891	7.4219779
1892	7.4219779
1893	7.4219779
1894	7.4219779
1895	7.4219779
1896	7.4219779
1897	10.199875
1898	10.199875
1899	10.199875
1900	10.199875
1901	11.780486
1902	11.780486
1903	8.9659434
1904	9.2612752
1905	11.901754
1906	11.901754
1907	11.740592
1908	11.370368
1909	11.199366
1910	11.199366
1911	11.199366
1912	8.7794143
1913	8.1329147
1914	8.1329147
1915	8.1329147
1916	10.457635
1917	11.98328
1918	11.625198
1919	11.625198
1920	11.923554
1921	11.923554
1922	11.923554
1923	10.86197
1924	10.5943
1925	11.942031
1926	11.942031
1927	11.942031
1928	11.126249
1929	11.126249
1930	8.3983237
1931	11.825015
1932	11.825015
1933	10.872928
1934	10.872928
1935	10.872928
1936	10.366569
1937	10.366569
1938	10.366569
1939	9.7283297
1940	11.836402
1941	11.836402
1942	11.836402
1943	11.908819
1944	11.908819
1945	11.908819
1946	11.908819
1947	10.919705
1948	10.919705
1949	10.919705
1950	10.433055
1951	10.433055
1952	11.361794
1953	10.614711
1954	10.614711
1955	9.4749025
1956	10.214627
1957	11.681072
1958	10.249255
1959	9.5363088
1960	9.8319119
1961	8.9249734
1962	8.9249734
1963	11.620394
1964	11.620394
1965	11.066383
1966	11.066383
1967	9.4275994
1968	9.4275994
1969	8.9129531
1970	8.9129531
1971	8.9129531
1972	11.597767
1973	11.597767
1974	11.597767
1975	11.597767
1976	11.597767
1977	10.249339
1978	10.249339
1979	10.249339
1980	10.249339
1981	11.280578
1982	11.280578
1983	11.280578
1984	11.280578
1985	11.280578
1986	11.857029
1987	11.857029
1988	11.857029
1989	11.857029
1990	11.857029
1991	11.857029
1992	11.857029
1993	11.857029
1994	11.956248
1995	11.956248
1996	11.956248
1997	11.956248
1998	6.7880892
1999	5.568734
2000	4.0412903
2001	10.471286
2002	10.471286
2003	10.70705
2004	10.70705
2005	10.70705
2006	10.70705
2007	10.70705
2008	11.939338
2009	11.939338
2010	10.322416
2011	11.819229
2012	11.819229
2013	11.819229
2014	9.0680539
2015	9.4848493
2016	9.4848493
2017	9.4848493
2018	8.9427798
2019	10.610778
2020	9.7080879
2021	11.138031
2022	11.261427
2023	6.4878779
2024	7.1284695
2025	7.1284695
2026	7.6462597
2027	7.6462597
2028	7.6462597
2029	7.6462597
2030	7.6462597
2031	7.6462597
2032	8.5361817
2033	8.9043136
2034	7.0110136
2035	6.5684335
2036	6.2890294
2037	6.2890294
2038	6.2890294
2039	6.2890294
2040	4.5933192
2041	5.2059063
2042	5.2059063
2043	7.4165332
2044	7.4165332
2045	7.5364106
2046	9.4903093
2047	7.8818197
2048	7.8818197
2049	7.8818197
2050	7.4696341
2051	6.8747703
2052	6.8747703
2053	6.8747703
2054	11.80291
2055	10.859274
2056	10.968808
2057	10.968808
2058	11.560412
2059	11.560412
2060	11.087682
2061	10.505419
2062	6.5907457
2063	6.5907457
2064	3.7016864
2065	5.6299794
2066	5.6299794
2067	5.6299794
2068	5.6299794
2069	5.6299794
2070	5.6299794
2071	5.798218
2072	1.441739
2073	1.441739
2074	1.1194053
2075	1.1194053
2076	1.1194053
2077	1.1194053
2078	9.5166802
2079	11.800721
2080	8.1968555
2081	8.1968555
2082	11.466106
2083	11.465898
2084	11.254467
2085	11.511441
2086	11.745511
2087	11.745511
2088	11.406629
2089	11.406629
2090	11.406629
2091	11.406629
2092	11.406629
2093	11.406629
2094	11.389728
2095	11.964834
2096	10.554153
2097	10.554153
2098	11.998275
2099	11.998275
2100	11.998275
2101	11.998275
2102	11.998275
2103	11.798898
2104	11.798898
2105	11.05775
2106	11.05775
2107	11.05775
2108	11.05775
2109	11.223486
2110	11.29068
2111	11.131505
2112	8.8426526
2113	8.8426526
2114	9.5912394
2115	9.5912394
2116	10.138653
2117	10.138653
2118	10.604333
2119	11.410481
2120	11.351967
2121	11.351967
2122	11.351967
2123	11.351967
2124	11.893139
2125	11.893139
2126	11.893139
2127	11.893139
2128	11.893139
2129	11.346961
2130	10.129777
2131	11.062522
2132	9.6687176
2133	11.87835
2134	11.87835
2135	11.87835
2136	11.87835
2137	10.540029
2138	11.72016
2139	11.72016
2140	11.512324
2141	11.512324
2142	11.512324
2143	11.512324
2144	11.512324
2145	11.512324
2146	10.225715
2147	9.3598741
2148	6.1442635
2149	6.1442635
2150	9.4338864
2151	9.4338864
2152	9.0211401
2153	9.0976066
2154	9.0976066
2155	8.4771246
2156	10.117035
2157	10.117035
2158	6.2624682
2159	11.650906
2160	10.69088
2161	11.539296
2162	11.539296
2163	11.539296
2164	11.539296
2165	11.539296
2166	11.539296
2167	11.539296
2168	11.460652
2169	9.4139605
2170	11.787023
2171	11.787023
2172	10.828621
2173	10.852673
2174	9.3211764
2175	9.3069276
2176	9.4498884
2177	11.752184
2178	11.752184
2179	11.752184
2180	11.752184
2181	11.887872
2182	11.887872
2183	11.887872
2184	11.887872
2185	11.3161
2186	11.3161
2187	10.946605
2188	10.946605
2189	10.946605
2190	11.49243
2191	11.695865
2192	11.695865
2193	11.695865
2194	11.103155
2195	11.103155
2196	11.103155
2197	11.103155
2198	10.329015
2199	11.603241
2200	7.1668975
2201	7.1668975
2202	5.2117096
2203	9.9721267
2204	9.9721267
2205	3.7506025
2206	10.251317
2207	10.251317
2208	10.251317
2209	10.251317
2210	10.537392
2211	10.823143
2212	10.823143
2213	11.58964
2214	10.66281
2215	10.66281
2216	10.265947
2217	8.9228468
2218	9.6062629
2219	9.6062629
2220	9.6062629
2221	6.6101499
2222	6.6101499
2223	11.325648
2224	11.325648
2225	11.325648
2226	10.807439
2227	11.675704
2228	11.688139
2229	11.688139
2230	10.695584
2231	8.0390032
2232	8.0390032
2233	8.0390032
2234	11.253754
2235	11.253754
2236	11.744907
2237	11.896265
2238	11.896265
2239	11.896265
2240	11.664966
2241	11.9672
2242	11.9672
2243	11.9672
2244	11.9672
2245	11.9672
2246	11.9672
2247	11.9672
2248	11.9672
2249	11.843859
2250	11.843859
2251	11.38465
2252	11.38465
2253	11.38465
2254	11.317667
2255	11.317667
2256	11.794279
2257	8.6715458
2258	4.0222218
2259	8.6154143
2260	9.4508807
2261	9.4508807
2262	11.085488
2263	11.085488
2264	11.916363
2265	10.026452
2266	11.499364
2267	11.499364
2268	11.499364
2269	11.499364
2270	9.8475606
2271	9.8475606
2272	9.8475606
2273	10.989464
2274	10.989464
2275	10.989464
2276	10.989464
2277	10.989464
2278	10.989464
2279	11.84536
2280	11.84536
2281	11.84536
2282	10.727126
2283	10.727126
2284	10.727126
2285	11.439982
2286	11.492041
2287	11.2415
2288	8.6350751
2289	8.6350751
2290	10.762863
2291	10.797122
2292	10.797122
2293	10.797122
2294	11.280134
2295	11.280134
2296	11.280134
2297	7.6519857
2298	7.6519857
2299	8.8153456
2300	9.4167206
2301	10.748983
2302	10.748983
2303	10.748983
2304	10.450648
2305	10.450648
2306	11.4656
2307	11.4656
2308	11.4656
2309	11.4656
2310	11.661703
2311	11.661703
2312	11.661703
2313	11.661703
2314	11.286449
2315	11.286449
2316	9.815674
2317	9.815674
2318	11.929563
2319	10.438176
2320	9.6832751
2321	10.541151
2322	9.9192443
2323	10.548542
2324	11.375755
2325	11.375755
2326	11.741923
2327	11.987802
2328	10.602551
2329	10.602551
2330	10.902953
2331	10.902953
2332	10.902953
2333	10.168474
2334	10.963646
2335	10.963646
2336	10.963646
2337	10.963646
2338	11.900962
2339	11.900962
2340	11.897009
2341	10.059342
2342	7.554373
2343	8.8846639
2344	9.4047026
2345	9.4047026
2346	11.408649
2347	11.408649
2348	9.4128808
2349	9.4128808
2350	9.4128808
2351	11.972258
2352	10.212866
2353	11.46766
2354	11.617116
2355	11.617116
2356	11.617116
2357	11.617116
2358	11.38401
2359	9.4823598
2360	8.9239247
2361	9.7651518
2362	9.7651518
2363	11.30399
2364	11.30399
2365	11.21139
2366	11.21139
2367	11.517451
2368	11.517451
2369	11.517451
2370	11.484224
2371	11.484224
2372	10.52965
2373	9.3550162
2374	9.3550162
2375	9.3550162
2376	9.3550162
2377	9.3550162
2378	9.3550162
2379	9.3550162
2380	9.3550162
2381	9.7383059
2382	9.7383059
2383	9.7383059
2384	9.7383059
2385	9.7383059
2386	9.7383059
2387	9.7383059
2388	9.4610062
2389	11.447448
2390	11.447448
2391	11.447448
2392	11.701301
2393	11.701301
2394	11.701301
2395	10.443105
2396	10.581614
2397	8.273261
2398	8.3847581
2399	9.9238033
2400	10.827136
2401	10.827136
2402	10.827136
2403	11.77087
2404	11.77087
2405	11.77087
2406	10.804162
2407	10.804162
2408	10.804162
2409	10.804162
2410	10.804162
2411	11.586861
2412	11.586861
2413	11.586861
2414	11.586861
2415	9.6224866
2416	9.6224866
2417	9.6224866
2418	11.860632
2419	9.8950847
2420	9.8950847
2421	9.8950847
2422	9.9420121
2423	9.9420121
2424	11.377688
2425	11.39748
2426	11.39748
2427	11.419655
2428	11.419655
2429	11.455155
2430	11.455155
2431	11.455155
2432	11.455155
2433	10.965338
2434	9.6666923
2435	9.6666923
2436	11.472168
2437	9.5713146
2438	9.5693116
2439	9.5693116
2440	9.5693116
2441	9.5693116
2442	7.9055693
2443	7.9055693
2444	9.8539964
2445	9.8539964
2446	9.8539964
2447	9.8539964
2448	11.642818
2449	11.642818
2450	8.2862648
2451	10.648245
2452	10.648245
2453	10.856092
2454	10.856092
2455	10.856092
2456	10.856092
2457	10.856092
2458	10.856092
2459	9.6063918
2460	8.8063855
2461	8.8063855
2462	8.8063855
2463	9.7450409
2464	11.793341
2465	10.354198
2466	11.131842
2467	11.766166
2468	11.766166
2469	11.71721
2470	11.71721
2471	11.71721
2472	11.71721
2473	7.6630102
2474	5.9162476
2475	5.9162476
2476	9.5110548
2477	11.866165
2478	11.866165
2479	10.92574
2480	10.92574
2481	10.957452
2482	10.957452
2483	7.1785033
2484	8.4394857
2485	10.308549
2486	10.308549
2487	9.5819339
2488	9.5819339
2489	10.332141
2490	10.978027
2491	10.978027
2492	11.092241
2493	11.092241
2494	10.773869
2495	10.773869
2496	10.773869
2497	10.773869
2498	11.647819
2499	9.8914365
2500	9.8914365
2501	9.8914365
2502	10.589543
2503	11.839863
2504	10.967394
2505	11.269407
2506	11.269407
2507	11.269407
2508	11.269407
2509	11.269407
2510	11.269407
2511	11.776066
2512	11.776066
2513	11.976573
2514	11.976573
2515	11.976573
2516	11.146435
2517	10.66607
2518	11.266338
2519	10.585307
2520	9.6747616
2521	9.6747616
2522	9.6747616
2523	9.6747616
2524	10.601847
2525	10.601847
2526	8.8148953
2527	8.8148953
2528	8.8749026
2529	6.5246669
2530	7.4804589
2531	7.4804589
2532	10.983394
2533	10.931233
2534	10.931233
2535	10.931233
2536	6.3007421
2537	9.2215345
2538	10.403576
2539	8.27966
2540	8.27966
2541	10.321889
2542	9.2474966
2543	9.2474966
2544	11.157322
2545	11.03529
2546	10.062383
2547	11.116074
2548	10.829716
2549	10.829716
2550	11.141215
2551	10.653093
2552	11.637677
2553	11.637677
2554	11.637677
2555	11.637677
2556	11.637677
2557	11.124184
2558	11.574254
2559	11.574254
2560	11.574254
2561	11.574254
2562	11.805831
2563	11.805831
2564	11.805831
2565	11.191521
2566	11.379274
2567	11.379274
2568	11.379274
2569	11.379274
2570	11.379274
2571	11.379274
2572	11.125703
2573	11.125703
2574	11.125703
2575	11.125703
2576	9.630818
2577	9.630818
2578	9.630818
2579	11.690397
2580	11.690397
2581	11.690397
2582	11.296239
2583	11.406555
2584	11.406555
2585	8.6786304
2586	6.2966771
2587	5.9248384
2588	5.9248384
2589	5.9248384
2590	9.2621579
2591	9.9783727
2592	9.9314452
2593	11.834981
2594	10.564443
2595	9.888706
2596	11.739573
2597	10.335885
2598	10.335885
2599	10.335885
2600	10.160332
2601	11.917896
2602	9.8221595
2603	9.8221595
2604	9.6928706
2605	11.416444
2606	11.726304
2607	11.726304
2608	11.726304
2609	10.047435
2610	10.047435
2611	10.047435
2612	11.436438
2613	10.149466
2614	11.992054
2615	10.274634
2616	11.525375
2617	11.525375
2618	11.525375
2619	11.525375
2620	9.3847718
2621	9.4654258
2622	7.8234166
2623	10.590658
2624	11.247196
2625	11.342073
2626	11.342073
2627	8.3824401
2628	11.673548
2629	8.926096
2630	10.090961
2631	11.149125
2632	11.149125
2633	9.8224902
2634	11.564854
2635	9.549733
2636	11.390593
2637	10.857892
2638	10.857892
2639	10.857892
2640	10.857892
2641	10.857892
2642	4.1475745
2643	11.556991
2644	8.5446716
2645	8.5446716
2646	9.1849648
2647	7.4106124
2648	8.0341166
2649	6.5926188
2650	5.3323741
2651	5.3323741
2652	6.1843506
2653	10.049944
2654	10.206803
2655	10.206803
2656	10.206803
2657	10.751381
2658	10.751381
2659	10.751381
2660	10.111888
2661	10.111888
2662	11.567632
2663	6.305611
2664	3.8671648
2665	3.4741083
2666	3.4741083
2667	3.4741083
2668	3.4741083
2669	3.4741083
2670	3.4741083
2671	4.1066299
2672	4.1066299
2673	6.8777707
2674	6.8777707
2675	6.8777707
2676	7.2696333
2677	7.2696333
2678	7.2696333
2679	7.1734857
2680	9.8921353
2681	9.8921353
2682	11.323177
2683	11.323177
2684	11.507354
2685	11.507354
2686	11.301324
2687	11.398655
2688	11.398655
2689	11.398655
2690	11.398655
2691	9.6735927
2692	9.8890703
2693	9.8890703
2694	8.3399097
2695	6.173193
2696	8.6637507
2697	8.6637507
2698	9.6427281
2699	10.478593
2700	9.8411396
2701	9.8411396
2702	9.8411396
2703	11.267593
2704	11.267593
2705	11.267593
2706	11.558667
2707	11.558667
2708	8.8769292
2709	10.449512
2710	11.734068
2711	11.734068
2712	11.734068
2713	11.734068
2714	11.185573
2715	11.614241
2716	11.614241
2717	11.359111
2718	11.590424
2719	11.786758
2720	9.2513934
2721	9.2513934
2722	9.9460824
2723	9.7893398
2724	11.439556
2725	11.465794
2726	11.514904
2727	11.514904
2728	11.514904
2729	10.050863
2730	8.5616898
2731	8.5616898
2732	4.5610739
2733	4.5610739
2734	6.3033791
2735	6.3033791
2736	6.8622602
2737	5.7020271
2738	5.7020271
2739	5.7020271
2740	5.7020271
2741	9.1026848
2742	9.1026848
2743	9.1026848
2744	11.858868
2745	11.828989
2746	11.828989
2747	11.828989
2748	11.828989
2749	11.828989
2750	11.828989
2751	11.828989
2752	6.3000108
2753	6.6469916
2754	11.158251
2755	9.3214636
2756	9.3214636
2757	11.259612
2758	9.2218484
2759	9.2218484
2760	9.5136942
2761	9.5136942
2762	11.183885
2763	11.183885
2764	11.183885
2765	11.183885
2766	11.183885
2767	11.669106
2768	11.669106
2769	9.477811
2770	9.477811
2771	9.477811
2772	9.477811
2773	9.477811
2774	9.477811
2775	9.477811
2776	8.0259341
2777	11.227081
2778	11.227081
2779	11.227081
2780	11.889889
2781	11.626586
2782	11.626586
2783	11.626586
2784	11.242638
2785	11.872617
2786	11.855275
2787	11.855275
2788	11.855275
2789	11.855275
2790	11.855275
2791	11.855275
2792	11.855275
2793	11.595906
2794	11.492176
2795	11.492176
2796	9.4975354
2797	10.345002
2798	11.420092
2799	10.731113
2800	10.731113
2801	8.8642198
2802	10.65328
2803	10.65328
2804	11.30803
2805	11.151542
2806	11.589488
2807	11.215473
2808	11.215473
2809	11.215473
2810	11.215473
2811	9.7558865
2812	9.7558865
2813	9.7558865
2814	11.251679
2815	11.868206
2816	11.868206
2817	11.868206
2818	10.565495
2819	10.263979
2820	9.4388731
2821	6.3063365
2822	6.3063365
2823	6.6659214
2824	6.6659214
2825	6.6038423
2826	6.6038423
2827	6.6038423
2828	9.9297116
2829	11.170932
2830	11.22125
2831	11.06688
2832	11.06688
2833	10.558282
2834	10.558282
2835	6.0558249
2836	8.4645282
2837	10.606283
2838	10.762287
2839	10.762287
2840	7.7878813
2841	10.691369
2842	9.4744518
2843	9.4744518
2844	9.4744518
2845	10.828071
2846	10.828071
2847	9.9604154
2848	9.9604154
2849	9.9089763
2850	9.3851477
2851	9.5321055
2852	9.5321055
2853	8.5026471
2854	11.140828
2855	11.140828
2856	11.140828
2857	10.238842
2858	10.238842
2859	10.238842
2860	11.518012
2861	11.671309
2862	11.671309
2863	11.671309
2864	11.671309
2865	11.670695
2866	10.920842
2867	11.872704
2868	11.484612
2869	10.052574
2870	10.052574
2871	11.8539
2872	11.8539
2873	10.695044
2874	11.140538
2875	11.052322
2876	9.8284131
2877	9.9784832
2878	9.9784832
2879	10.282622
2880	9.9354617
2881	9.6584708
2882	9.6584708
2883	9.6584708
2884	11.154461
2885	11.617449
2886	11.617449
2887	11.617449
2888	11.963252
2889	11.963252
2890	11.99891
2891	11.99891
2892	10.851534
2893	10.851534
2894	10.245174
2895	10.245174
2896	10.245174
2897	10.245174
2898	10.245174
2899	11.45636
2900	10.269832
2901	8.1036607
2902	8.1036607
2903	8.1036607
2904	6.0308831
2905	6.3422549
2906	6.3422549
2907	5.217391
2908	9.0092215
2909	9.0092215
2910	10.075893
2911	11.888646
2912	11.888646
2913	11.888646
2914	11.888646
2915	11.888646
2916	10.560249
2917	10.847369
2918	10.847369
2919	11.547667
2920	10.822
2921	8.9083017
2922	8.9083017
2923	8.9083017
2924	5.8336991
2925	5.8336991
2926	5.8336991
2927	5.9094901
2928	5.9094901
2929	6.6865954
2930	6.8186074
2931	10.370704
2932	10.370704
2933	9.8475215
2934	9.3702997
2935	10.756536
2936	10.756536
2937	10.756536
2938	11.971607
2939	11.971607
2940	11.971607
2941	8.4835922
2942	8.4835922
2943	10.519247
2944	10.519247
2945	10.663655
2946	11.259759
2947	11.259759
2948	10.312112
2949	10.397622
2950	10.397622
2951	10.397622
2952	7.216634
2953	7.216634
2954	10.716964
2955	10.297842
2956	10.586618
2957	10.586618
2958	10.586618
2959	10.586618
2960	10.586618
2961	10.586618
2962	10.559321
2963	10.208023
2964	10.208023
2965	9.5418474
2966	8.475612
2967	10.491683
2968	11.819227
2969	11.819227
2970	11.819227
2971	11.819227
2972	10.250806
2973	10.250806
2974	10.250806
2975	9.0640876
2976	9.0640876
2977	9.0640876
2978	10.246382
2979	10.559455
2980	10.559455
2981	10.559455
2982	10.820851
2983	11.548168
2984	8.340573
2985	9.6603239
2986	7.1338965
2987	7.5056249
2988	11.789471
2989	11.789471
2990	10.504793
2991	10.504793
2992	9.3305378
2993	9.3305378
2994	10.647638
2995	10.313798
2996	10.313798
2997	9.4499217
2998	9.4499217
2999	10.991717
3000	5.8992651
3001	5.8992651
3002	5.0072342
3003	8.4625584
3004	8.4625584
3005	8.4625584
3006	8.4625584
3007	9.2980184
3008	10.755733
3009	10.242001
3010	8.3832251
3011	9.5578152
3012	9.4224072
3013	9.4224072
3014	10.071299
3015	9.2480561
3016	9.2480561
3017	9.2480561
3018	9.7365578
3019	10.474553
3020	10.237099
3021	10.237099
3022	10.55257
3023	10.55257
3024	10.55257
3025	10.55257
3026	10.55257
3027	11.490769
3028	11.734169
3029	11.734169
3030	11.682583
3031	11.682583
3032	11.682583
3033	10.213566
3034	10.213566
3035	9.9523357
3036	9.9523357
3037	9.9523357
3038	10.772833
3039	10.135243
3040	11.825079
3041	11.825079
3042	10.467512
3043	11.951846
3044	11.951846
3045	11.097478
3046	9.5535029
3047	10.3706
3048	11.555758
3049	11.555758
3050	11.555758
3051	11.192387
3052	11.192387
3053	11.192387
3054	11.192387
3055	11.531835
3056	11.569247
3057	11.524072
3058	11.524072
3059	11.524072
3060	11.524072
3061	11.524072
3062	11.524072
3063	8.4580634
3064	8.2400895
3065	6.9133253
3066	8.3759079
3067	5.6036221
3068	7.5307318
3069	9.8875502
3070	9.8875502
3071	11.952541
3072	10.800249
3073	11.899927
3074	11.899927
3075	11.899927
3076	11.800403
3077	8.9101674
3078	8.9101674
3079	8.1083997
3080	6.7320338
3081	6.7320338
3082	6.7320338
3083	11.24326
3084	10.001135
3085	10.619024
3086	10.619024
3087	11.837539
3088	11.837539
3089	11.934009
3090	11.396616
3091	11.396616
3092	11.396616
3093	11.404016
3094	11.404016
3095	11.404016
3096	11.404016
3097	11.404016
3098	11.404016
3099	11.923214
3100	11.923214
3101	9.9932501
3102	11.647115
3103	11.092609
3104	11.092609
3105	11.092609
3106	10.411269
3107	9.6492839
3108	9.6492839
3109	11.747802
3110	10.968397
3111	11.103099
3112	10.31047
3113	10.31047
3114	10.31047
3115	10.31047
3116	10.31047
3117	10.31047
3118	11.085722
3119	11.085722
3120	11.676825
3121	11.897974
3122	11.897974
3123	11.897974
3124	11.897974
3125	10.130052
3126	11.438077
3127	11.438077
3128	10.813586
3129	10.813586
3130	11.785469
3131	11.785469
3132	11.785469
3133	11.785469
3134	11.785469
3135	11.785469
3136	11.49333
3137	11.638776
3138	11.638776
3139	11.846988
3140	11.170601
3141	10.087241
3142	8.4201429
3143	8.0358539
3144	6.0518767
3145	10.801489
3146	11.456972
3147	11.456972
3148	10.3446
3149	10.950109
3150	11.361546
3151	11.361546
3152	11.445993
3153	11.294779
3154	11.323357
3155	10.448884
3156	9.6306734
3157	11.753675
3158	11.753675
3159	11.753675
3160	11.753675
3161	11.039043
3162	11.390549
3163	11.390549
3164	10.330914
3165	10.330914
3166	11.301747
3167	11.301747
3168	7.8055573
3169	7.8055573
3170	7.8055573
3171	10.454623
3172	9.4042704
3173	9.4042704
3174	9.4042704
3175	11.80193
3176	11.80193
3177	10.079065
3178	9.1031923
3179	9.1031923
3180	11.629848
3181	11.629848
3182	11.629848
3183	11.77717
3184	9.4942986
3185	10.484935
3186	8.2561903
3187	8.2561903
3188	8.2561903
3189	8.8067453
3190	11.133386
3191	11.56432
3192	11.56432
3193	11.56432
3194	11.56432
3195	11.940533
3196	11.940533
3197	10.972919
3198	10.972919
3199	10.972919
3200	9.2604864
3201	9.2604864
3202	9.2604864
3203	8.2982494
3204	7.0204642
3205	7.0204642
3206	9.6389487
3207	9.6389487
3208	10.760008
3209	10.760008
3210	10.760008
3211	10.760008
3212	7.3151644
3213	8.5491687
3214	8.5491687
3215	8.5491687
3216	8.5491687
3217	10.680338
3218	11.727924
3219	10.546908
3220	4.5247774
3221	6.5073966
3222	10.476844
3223	10.476844
3224	11.823908
3225	11.823908
3226	9.5681483
3227	9.5681483
3228	9.5681483
3229	11.385681
3230	11.385681
3231	11.385681
3232	11.385681
3233	10.383379
3234	10.383379
3235	10.383379
3236	10.425702
3237	9.4019912
3238	9.4019912
3239	9.4019912
3240	6.0259287
3241	10.02213
3242	10.02213
3243	10.02213
3244	10.02213
3245	11.85942
3246	11.802493
3247	11.802493
3248	11.802493
3249	11.802493
3250	11.802493
3251	11.802493
3252	11.802493
3253	11.802493
3254	11.802493
3255	8.7127308
3256	8.6357811
3257	8.3884826
3258	10.812024
3259	11.29639
3260	11.29639
3261	11.652698
3262	11.210559
3263	11.210559
3264	11.210559
3265	10.98724
3266	10.98724
3267	11.303263
3268	11.428959
3269	11.428959
3270	11.428959
3271	9.5733036
3272	9.5733036
3273	9.5733036
3274	10.619449
3275	10.619449
3276	11.115571
3277	9.9256376
3278	10.211523
3279	8.3538986
3280	7.1208859
3281	7.1208859
3282	7.1208859
3283	11.804719
3284	11.708748
3285	11.708748
3286	10.679703
3287	10.679703
3288	10.164094
3289	10.164094
3290	10.164094
3291	7.8624534
3292	6.5927667
3293	11.489349
3294	11.306875
3295	10.505671
3296	10.505671
3297	10.505671
3298	10.505671
3299	9.1090183
3300	9.1090183
3301	9.4531498
3302	11.965442
3303	11.965442
3304	11.781895
3305	11.781895
3306	11.781895
3307	11.289689
3308	11.466963
3309	11.466963
3310	11.466963
3311	11.466963
3312	7.4786803
3313	7.4786803
3314	9.2904408
3315	9.2904408
3316	9.1273328
3317	11.428202
3318	11.181911
3319	11.080357
3320	11.080357
3321	11.080357
3322	11.080357
3323	11.146248
3324	11.146248
3325	11.146248
3326	11.146248
3327	11.465979
3328	11.715256
3329	9.376171
3330	9.5995444
3331	9.7704664
3332	10.692217
3333	8.5393425
3334	9.2970049
3335	7.9565644
3336	6.0792796
3337	6.0792796
3338	6.0792796
3339	6.0792796
3340	7.5322237
3341	7.5510777
3342	9.9058474
3343	10.409327
3344	10.409327
3345	10.409327
3346	10.409327
3347	10.409327
3348	10.409327
3349	10.379714
3350	10.379714
3351	10.379714
3352	10.814185
3353	11.287582
3354	11.287582
3355	11.287582
3356	8.3000733
3357	8.3000733
3358	8.3000733
3359	2.8707496
3360	8.2768335
3361	8.2768335
3362	8.2768335
3363	8.2768335
3364	8.2768335
3365	9.8705863
3366	9.8705863
3367	7.5685467
3368	11.696942
3369	11.696942
3370	11.696942
3371	11.696942
3372	7.9936995
3373	7.9936995
3374	5.0095048
3375	5.0095048
3376	5.0095048
3377	3.039457
3378	3.039457
3379	6.1580697
3380	7.6297335
3381	9.5508603
3382	9.5508603
3383	9.5508603
3384	9.5508603
3385	11.796922
3386	10.135409
3387	10.135409
3388	8.8947089
3389	8.8947089
3390	10.503919
3391	9.7679958
3392	9.7679958
3393	9.7679958
3394	9.7679958
3395	9.2063923
3396	9.2063923
3397	9.2063923
3398	9.2063923
3399	10.582209
3400	10.582209
3401	10.582209
3402	10.582209
3403	8.1755735
3404	8.1755735
3405	10.785874
3406	10.683768
3407	10.683768
3408	8.2438091
3409	8.2438091
3410	11.541146
3411	11.37356
3412	11.37356
3413	10.211346
3414	11.745419
3415	11.745419
3416	10.673365
3417	10.673365
3418	10.311925
3419	10.311925
3420	9.3109847
3421	10.041198
3422	10.041198
3423	10.419763
3424	10.339573
3425	10.339573
3426	10.197604
3427	10.197604
3428	10.197604
3429	10.197604
3430	10.197604
3431	10.197604
3432	10.197604
3433	10.197604
3434	10.197604
3435	11.719036
3436	11.971541
3437	10.44919
3438	10.488667
3439	10.488667
3440	11.623574
3441	11.47751
3442	11.47751
3443	11.47751
3444	11.451267
3445	11.4079
3446	9.3893681
3447	11.920318
3448	10.046029
3449	10.046029
3450	11.254449
3451	11.950547
3452	11.808228
3453	9.3453178
3454	9.3453178
3455	9.3453178
3456	11.735188
3457	11.59026
3458	11.59026
3459	11.349974
3460	11.149366
3461	11.07033
3462	11.07033
3463	11.914584
3464	11.837764
3465	11.663125
3466	11.663125
3467	11.149972
3468	11.149972
3469	11.149972
3470	11.116237
3471	11.376022
3472	11.376022
3473	10.418979
3474	10.418979
3475	8.6247752
3476	8.6247752
3477	10.751508
3478	10.751508
3479	10.751508
3480	10.751508
3481	10.751508
3482	10.751508
3483	10.751508
3484	10.751508
3485	11.834559
3486	11.834559
3487	11.834559
3488	11.684594
3489	11.684594
3490	11.684594
3491	7.6025263
3492	7.6025263
3493	8.7833224
3494	7.6858052
3495	7.6858052
3496	7.6858052
3497	10.073769
3498	10.073769
3499	10.073769
3500	10.028913
3501	10.028913
3502	10.028913
3503	10.028913
3504	10.203009
3505	11.475548
3506	9.6867649
3507	9.6867649
3508	7.391019
3509	7.391019
3510	6.3569767
3511	6.3569767
3512	6.3569767
3513	7.2354325
3514	9.9114424
3515	9.9114424
3516	9.9114424
3517	9.9114424
3518	9.9114424
3519	8.5436447
3520	8.0604889
3521	3.7977704
3522	6.0420491
3523	6.0420491
3524	5.8701184
3525	5.8701184
3526	5.8701184
3527	7.0030629
3528	11.469609
3529	11.469609
3530	11.469609
3531	7.5088187
3532	11.230837
3533	4.2340874
3534	10.887681
3535	10.725082
3536	10.725082
3537	10.725082
3538	10.725082
3539	8.8677829
3540	6.8163745
3541	5.3114976
3542	5.3114976
3543	5.3114976
3544	5.3114976
3545	3.084946
3546	3.084946
3547	5.0338963
3548	9.9830818
3549	5.9079824
3550	5.9079824
3551	4.5090416
3552	3.0722445
3553	3.0722445
3554	3.0722445
3555	3.0722445
3556	5.7008556
3557	5.7008556
3558	5.7008556
3559	5.7008556
3560	5.7008556
3561	7.9757885
3562	9.8644971
3563	11.778116
3564	11.809328
3565	11.809328
3566	11.809328
3567	10.347974
3568	8.1297333
3569	8.1297333
3570	10.997596
3571	11.836496
3572	10.473792
3573	11.397749
3574	11.397749
3575	10.999094
3576	10.999094
3577	11.807509
3578	11.807509
3579	8.8636972
3580	8.8636972
3581	8.8636972
3582	8.8636972
3583	9.4412199
3584	9.4412199
3585	10.476115
3586	10.476115
3587	11.111795
3588	11.682327
3589	11.682327
3590	11.682327
3591	10.747122
3592	10.747122
3593	11.889882
3594	11.344235
3595	11.344235
3596	11.344235
3597	10.338007
3598	10.338007
3599	11.258106
3600	11.304733
3601	11.304733
3602	10.116876
3603	11.545487
3604	11.545487
3605	11.545487
3606	11.545487
3607	11.423721
3608	11.473692
3609	11.473692
3610	11.395897
3611	10.219311
3612	10.219311
3613	11.030465
3614	11.030465
3615	11.030465
3616	8.3813868
3617	8.3813868
3618	10.123459
3619	10.123459
3620	11.195217
3621	11.415966
3622	11.241551
3623	11.241551
3624	11.241551
3625	11.241551
3626	11.497457
3627	11.497457
3628	11.497457
3629	11.938166
3630	11.938166
3631	7.2447501
3632	7.1815932
3633	5.5230284
3634	7.3022122
3635	6.0038487
3636	6.0038487
3637	6.0038487
3638	6.0038487
3639	10.867885
3640	10.867885
3641	10.867885
3642	9.1015674
3643	9.1015674
3644	9.1015674
3645	9.1015674
3646	11.105679
3647	11.105679
3648	10.510296
3649	11.464834
3650	11.464834
3651	11.044057
3652	11.044057
3653	8.7526358
3654	8.7526358
3655	8.7526358
3656	5.7222424
3657	5.7222424
3658	4.3864195
3659	11.090689
3660	11.686307
3661	11.792776
3662	11.792776
3663	11.90874
3664	11.90874
3665	7.9075822
3666	7.9075822
3667	10.113479
3668	10.113479
3669	9.8671594
3670	9.8671594
3671	9.8671594
3672	10.515885
3673	11.312998
3674	10.762463
3675	10.762463
3676	10.762463
3677	10.762463
3678	10.762463
3679	10.762463
3680	11.496521
3681	11.496521
3682	11.093255
3683	11.738757
3684	11.738757
3685	11.738757
3686	11.738757
3687	11.526205
3688	7.5094911
3689	7.5094911
3690	9.9053497
3691	9.9053497
3692	11.523013
3693	11.523013
3694	11.523013
3695	11.523013
3696	11.523013
3697	11.523013
3698	11.523013
3699	11.523013
3700	11.523013
3701	11.523013
3702	11.257711
3703	10.860835
3704	8.2626698
3705	7.6870787
3706	11.402852
3707	7.9320597
3708	9.6229866
3709	9.6229866
3710	7.7103372
3711	11.540139
3712	11.540139
3713	10.284598
3714	10.456803
3715	10.456803
3716	10.456803
3717	11.29219
3718	11.29219
3719	11.112095
3720	11.112095
3721	11.112095
3722	9.5867597
3723	9.5867597
3724	9.5867597
3725	9.4878869
3726	9.4878869
3727	9.0893167
3728	9.0893167
3729	7.242328
3730	7.242328
3731	11.782853
3732	11.387429
3733	11.387429
3734	10.648758
3735	10.648758
3736	11.965904
3737	9.7854663
3738	11.955314
3739	11.293278
3740	10.700353
3741	10.700353
3742	11.869846
3743	11.869846
3744	9.0742687
3745	9.0742687
3746	8.7322698
3747	6.5695727
3748	9.1854603
3749	9.1854603
3750	10.693113
3751	10.693113
3752	10.693113
3753	10.693113
3754	10.693113
3755	11.988817
3756	11.598628
3757	11.598628
3758	11.598628
3759	11.598628
3760	10.040415
3761	10.040415
3762	7.4216857
3763	7.4216857
3764	11.4421
3765	11.532969
3766	10.164677
3767	10.164677
3768	11.163837
3769	9.8436194
3770	11.044109
3771	7.1699748
3772	7.1699748
3773	1.9181249
3774	1.9181249
3775	2.3261527
3776	10.572371
3777	11.680008
3778	11.548388
3779	11.548388
3780	11.548388
3781	11.548388
3782	11.463261
3783	7.5378694
3784	5.9723727
3785	6.8129793
3786	6.8129793
3787	6.8129793
3788	6.0710663
3789	6.0710663
3790	6.0710663
3791	9.4550327
3792	9.4550327
3793	9.4550327
3794	10.304833
3795	11.39632
3796	11.865505
3797	11.865505
3798	11.596873
3799	11.596873
3800	10.174646
3801	10.174646
3802	9.8596308
3803	9.8596308
3804	9.8596308
3805	11.833637
3806	11.550679
3807	11.446899
3808	11.446899
3809	11.185258
3810	10.10808
3811	11.169275
3812	11.169275
3813	11.004705
3814	11.004705
3815	11.046577
3816	11.900934
3817	9.5034331
3818	9.5034331
3819	10.644299
3820	11.305582
3821	10.851375
3822	10.293161
3823	10.379978
3824	10.379978
3825	10.379978
3826	9.0361298
3827	11.93619
3828	11.976423
3829	11.976423
3830	11.976423
3831	11.843278
3832	11.843278
3833	11.843278
3834	10.099336
3835	11.164379
3836	11.164379
3837	11.164379
3838	10.771934
3839	8.2528176
3840	7.8377456
3841	7.8377456
3842	9.9767777
3843	9.9767777
3844	11.734123
3845	11.151327
3846	11.151327
3847	11.151327
3848	8.4928972
3849	8.4928972
3850	9.1033056
3851	9.5647313
3852	9.5647313
3853	9.9667893
3854	11.778784
3855	11.778784
3856	11.91934
3857	11.91934
3858	10.761496
3859	10.761496
3860	10.761496
3861	11.942286
3862	11.942286
3863	11.724437
3864	11.724437
3865	11.959326
3866	11.959326
3867	9.7368247
3868	9.8906096
3869	10.609872
3870	10.609872
3871	8.345684
3872	8.345684
3873	8.345684
3874	8.345684
3875	8.345684
3876	10.681816
3877	10.839665
3878	10.953302
3879	10.953302
3880	10.953302
3881	11.865259
3882	11.865259
3883	11.865259
3884	10.51343
3885	10.51343
3886	11.549635
3887	9.675347
3888	9.675347
3889	10.835567
3890	10.835567
3891	10.835567
3892	10.835567
3893	10.835567
3894	10.835567
3895	11.470297
3896	11.470297
3897	11.351729
3898	11.419755
3899	11.419755
3900	11.419755
3901	11.419755
3902	11.229116
3903	11.229116
3904	10.566341
3905	9.6892315
3906	9.6892315
3907	9.6892315
3908	9.6892315
3909	11.62541
3910	11.936398
3911	11.936398
3912	11.936398
3913	9.4781039
3914	5.7671213
3915	8.5669257
3916	8.5669257
3917	9.7119602
3918	9.2652276
3919	11.938836
3920	11.938836
3921	11.938836
3922	11.884539
3923	11.884539
3924	11.884539
3925	10.117581
3926	9.5282478
3927	9.5282478
3928	9.5282478
3929	11.918653
3930	11.918653
3931	11.840837
3932	10.473941
3933	10.915236
3934	10.915236
3935	10.915236
3936	10.915236
3937	10.915236
3938	10.469751
3939	10.139061
3940	10.139061
3941	10.593069
3942	9.5689176
3943	8.2337089
3944	8.2337089
3945	10.935809
3946	10.935809
3947	11.930993
3948	11.930993
3949	11.386894
3950	11.386894
3951	11.386894
3952	11.897675
3953	11.897675
3954	11.897675
3955	11.897675
3956	11.640384
3957	11.640384
3958	11.640384
3959	11.856135
3960	11.856135
3961	11.33532
3962	11.33532
3963	10.301335
3964	10.301335
3965	11.992476
3966	9.9327691
3967	9.9327691
3968	10.886534
3969	11.277903
3970	11.277903
3971	11.277903
3972	11.277903
3973	11.277903
3974	11.720675
3975	11.720675
3976	8.4997172
3977	6.5353657
3978	6.5353657
3979	6.5353657
3980	10.622865
3981	10.622865
3982	10.622865
3983	10.008223
3984	11.492726
3985	11.492726
3986	10.569762
3987	11.15215
3988	8.1063688
3989	8.1063688
3990	9.0216373
3991	9.8652366
3992	11.80457
3993	11.80457
3994	11.80457
3995	11.289202
3996	11.289202
3997	11.289202
3998	11.289202
3999	11.289202
4000	11.289202
4001	11.289202
4002	7.3040954
4003	7.3040954
4004	10.787045
4005	11.076211
4006	11.917191
4007	11.780364
4008	11.780364
4009	11.780364
4010	11.780364
4011	11.780364
4012	11.780364
4013	10.690196
4014	11.8658
4015	11.8658
4016	11.381553
4017	11.381553
4018	11.381553
4019	10.952231
4020	10.952231
4021	11.773392
4022	11.773392
4023	11.773392
4024	11.773392
4025	11.773392
4026	11.773392
4027	9.4777548
4028	9.4777548
4029	10.762
4030	11.819429
4031	11.819429
4032	11.819429
4033	10.000173
4034	8.5149786
4035	8.5149786
4036	7.53007
4037	7.53007
4038	9.3581981
4039	10.22187
4040	10.22187
4041	11.438217
4042	11.438217
4043	10.829927
4044	10.083156
4045	8.993121
4046	8.993121
4047	11.776115
4048	11.776115
4049	11.776115
4050	10.52236
4051	10.52236
4052	9.1026214
4053	5.9254549
4054	5.9254549
4055	5.364056
4056	5.364056
4057	5.364056
4058	8.07813
4059	7.4694598
4060	7.4694598
4061	4.2151213
4062	9.556975
4063	8.6316637
4064	9.6704084
4065	9.067104
4066	9.067104
4067	9.067104
4068	9.1044712
4069	9.3272027
4070	-0.59527728
4071	7.2493249
4072	7.2493249
4073	8.1668497
4074	10.290258
4075	10.290258
4076	10.290258
4077	10.290258
4078	11.41128
4079	9.1222003
4080	11.617196
4081	11.617196
4082	10.299658
4083	9.7209007
4084	9.7209007
4085	9.7209007
4086	9.7209007
4087	9.5988479
4088	9.5988479
4089	9.5988479
4090	9.0984704
4091	9.0984704
4092	8.9447411
4093	8.9447411
4094	10.37841
4095	11.315727
4096	11.315727
4097	11.315727
4098	9.9191539
4099	9.9191539
4100	7.9418133
4101	9.0365337
4102	7.4807882
4103	8.8540542
4104	8.8540542
4105	8.8622672
4106	8.8622672
4107	9.9610802
4108	9.7347528
4109	9.7347528
4110	11.86574
4111	10.998541
4112	11.947858
4113	11.947858
4114	9.6801799
4115	10.129606
4116	10.129606
4117	8.9408938
4118	8.9408938
4119	9.5208971
4120	9.5208971
4121	9.5208971
4122	9.5208971
4123	9.5208971
4124	11.741335
4125	11.973572
4126	11.973572
4127	9.1577228
4128	10.410679
4129	10.410679
4130	10.410679
4131	10.410679
4132	10.575282
4133	9.9494997
4134	7.6052139
4135	11.455048
4136	11.455048
4137	11.455048
4138	10.240526
4139	10.240526
4140	11.019748
4141	10.799603
4142	11.06698
4143	10.90055
4144	8.4320156
4145	8.4320156
4146	10.713126
4147	10.713126
4148	11.395932
4149	11.736199
4150	11.736199
4151	11.736199
4152	11.736199
4153	11.736199
4154	10.393297
4155	11.474177
4156	11.172596
4157	11.379919
4158	11.379919
4159	11.379919
4160	11.379919
4161	11.784038
4162	11.784038
4163	11.784038
4164	9.307029
4165	9.307029
4166	9.307029
4167	10.519666
4168	7.4029197
4169	7.4029197
4170	7.4029197
4171	6.9810194
4172	6.9810194
4173	6.9810194
4174	6.9810194
4175	6.9810194
4176	6.9810194
4177	6.9810194
4178	6.9810194
4179	7.685006
4180	7.685006
4181	7.685006
4182	7.685006
4183	6.2230746
4184	7.8781418
4185	7.8038753
4186	7.8038753
4187	6.5474301
4188	6.5474301
4189	11.818209
4190	9.9590753
4191	9.9590753
4192	9.0391549
4193	9.0252761
4194	9.8355132
4195	9.9673703
4196	9.9673703
4197	9.9673703
4198	9.5842072
4199	11.771738
4200	11.771738
4201	11.771738
4202	11.771738
4203	11.771738
4204	11.771738
4205	11.771738
4206	10.850386
4207	11.757742
4208	11.757742
4209	11.134065
4210	11.024545
4211	11.024545
4212	11.36447
4213	11.36447
4214	11.36447
4215	11.36447
4216	11.36447
4217	8.733765
4218	10.94969
4219	11.979463
4220	11.979463
4221	11.979463
4222	11.979463
4223	11.979463
4224	7.1585905
4225	7.1585905
4226	7.1585905
4227	7.1585905
4228	7.1585905
4229	7.1585905
4230	7.8084054
4231	6.2248118
4232	11.599756
4233	11.599756
4234	9.3243917
4235	9.3243917
4236	11.252826
4237	11.252826
4238	11.252826
4239	11.252826
4240	11.558367
4241	11.558367
4242	11.558367
4243	11.558367
4244	11.129506
4245	11.129506
4246	11.694633
4247	11.694633
4248	11.134434
4249	11.777122
4250	9.4451335
4251	11.746271
4252	11.746271
4253	10.251277
4254	11.667498
4255	11.596175
4256	11.596175
4257	11.596175
4258	11.596175
4259	11.276445
4260	11.276445
4261	11.109358
4262	11.109358
4263	11.810723
4264	8.2050349
4265	8.2050349
4266	2.8376297
4267	2.8376297
4268	5.4005429
4269	5.4005429
4270	5.6478574
4271	5.6478574
4272	5.6478574
4273	5.6478574
4274	5.6478574
4275	5.6687589
4276	2.1793699
4277	2.1793699
4278	3.7489501
4279	9.8175836
4280	9.8175836
4281	9.8175836
4282	9.8175836
4283	9.8175836
4284	9.8175836
4285	8.9258488
4286	10.819867
4287	9.7719014
4288	11.040252
4289	11.040252
4290	11.040252
4291	11.04127
4292	11.04127
4293	11.854466
4294	11.854466
4295	11.854466
4296	11.733005
4297	10.651811
4298	10.651811
4299	10.651811
4300	10.620617
4301	11.528093
4302	11.528093
4303	8.7006576
4304	8.7006576
4305	8.7006576
4306	8.7006576
4307	8.7006576
4308	8.7006576
4309	10.040587
4310	9.4169655
4311	9.4169655
4312	9.4169655
4313	9.4169655
4314	9.4169655
4315	11.685577
4316	11.154996
4317	11.154996
4318	11.154996
4319	9.0032623
4320	6.2011153
4321	10.392678
4322	9.6862645
4323	11.17249
4324	11.17249
4325	9.144588
4326	11.076171
4327	9.8868108
4328	8.786316
4329	8.786316
4330	8.786316
4331	8.786316
4332	9.914927
4333	9.7515367
4334	8.6217256
4335	9.7651267
4336	11.506667
4337	11.506667
4338	11.506667
4339	11.316958
4340	11.360564
4341	11.360564
4342	6.9783866
4343	6.9783866
4344	8.5650438
4345	8.5650438
4346	6.1321901
4347	7.5570411
4348	5.2941082
4349	5.2941082
4350	5.2941082
4351	5.2941082
4352	5.5743077
4353	6.7887496
4354	7.049891
4355	7.049891
4356	7.049891
4357	10.010982
4358	11.321021
4359	11.321021
4360	11.321021
4361	11.321021
4362	9.4630227
4363	9.4630227
4364	11.690833
4365	11.690833
4366	10.088316
4367	10.088316
4368	11.375994
4369	11.375994
4370	11.245398
4371	11.245398
4372	11.245398
4373	11.526564
4374	11.526564
4375	10.162591
4376	11.28602
4377	10.174518
4378	10.174518
4379	8.0038488
4380	7.7236382
4381	11.847912
4382	8.8740845
4383	11.564565
4384	11.893352
4385	11.893352
4386	11.893352
4387	11.519463
4388	11.519463
4389	11.256835
4390	11.00611
4391	11.590077
4392	9.7188718
4393	11.563037
4394	10.870032
4395	10.870032
4396	10.870032
4397	10.870032
4398	10.776172
4399	11.998301
4400	11.998301
4401	11.998301
4402	11.998301
4403	11.998301
4404	11.998301
4405	10.713139
4406	11.76028
4407	11.76028
4408	11.76028
4409	11.76028
4410	11.76028
4411	11.76028
4412	11.705655
4413	11.705655
4414	11.37957
4415	11.37957
4416	11.37957
4417	11.37957
4418	11.37957
4419	11.37957
4420	7.0537058
4421	10.253231
4422	10.228669
4423	10.228669
4424	10.228669
4425	10.228669
4426	10.228669
4427	11.783467
4428	11.783467
4429	11.783467
4430	11.931774
4431	11.931774
4432	11.931774
4433	11.503984
4434	11.503984
4435	10.735073
4436	10.735073
4437	11.874094
4438	11.309988
4439	11.309988
4440	10.186661
4441	10.157202
4442	11.338471
4443	11.653363
4444	10.920552
4445	10.920552
4446	10.920552
4447	10.177993
4448	10.177993
4449	10.303154
4450	10.303154
4451	10.303154
4452	10.303154
4453	11.64072
4454	11.886318
4455	11.886318
4456	10.103137
4457	6.4538542
4458	6.7245218
4459	6.7245218
4460	6.8950504
4461	6.8950504
4462	10.855591
4463	10.855591
4464	10.855591
4465	7.1772818
4466	11.718837
4467	11.718837
4468	11.718837
4469	11.718837
4470	11.718837
4471	8.4125802
4472	8.4125802
4473	9.3386876
4474	9.3386876
4475	11.978018
4476	11.978018
4477	10.430681
4478	9.0796928
4479	11.704501
4480	10.083368
4481	11.766196
4482	11.766196
4483	10.522091
4484	10.327455
4485	10.327455
4486	10.213697
4487	10.213697
4488	11.824762
4489	11.824762
4490	10.607348
4491	9.005217
4492	10.601823
4493	11.895104
4494	8.2967186
4495	8.9206959
4496	8.9206959
4497	8.9206959
4498	8.6103999
4499	10.652805
4500	10.652805
4501	9.581168
4502	8.3544568
4503	8.3544568
4504	8.3544568
4505	10.22536
4506	10.22536
4507	11.687987
4508	11.687987
4509	11.687987
4510	10.926623
4511	11.238997
4512	10.736089
4513	11.535352
4514	11.535352
4515	10.711151
4516	10.883925
4517	10.883925
4518	11.941227
4519	9.9098179
4520	11.312613
4521	11.312613
4522	11.312613
4523	9.1955816
4524	9.1955816
4525	9.3507386
4526	9.9776091
4527	1.6591415
4528	1.6591415
4529	1.6591415
4530	5.5625756
4531	5.5625756
4532	6.3295139
4533	10.177637
4534	10.177637
4535	11.855957
4536	11.108945
4537	11.108945
4538	11.126295
4539	5.5566701
4540	5.5566701
4541	10.153642
4542	10.153642
4543	10.153642
4544	11.885978
4545	11.885978
4546	11.885978
4547	10.462304
4548	10.462304
4549	11.527129
4550	11.527129
4551	11.527129
4552	11.527129
4553	11.527129
4554	11.355041
4555	11.355041
4556	11.355041
4557	11.355041
4558	11.355041
4559	11.887725
4560	10.952316
4561	10.952316
4562	11.842692
4563	11.842692
4564	10.072491
4565	10.356604
4566	10.165683
4567	10.165683
4568	8.6294121
4569	8.6294121
4570	8.6294121
4571	8.6294121
4572	8.6294121
4573	8.6294121
4574	8.6294121
4575	8.6294121
4576	6.7703442
4577	5.9303219
4578	4.8782491
4579	4.8782491
4580	7.6430765
4581	9.9720178
4582	10.998891
4583	11.426175
4584	11.872516
4585	8.6575939
4586	8.6575939
4587	8.6575939
4588	8.7903729
4589	9.3643551
4590	5.5751582
4591	10.208787
4592	10.208787
4593	9.8845404
4594	9.8845404
4595	11.978129
4596	11.978129
4597	11.978129
4598	11.978129
4599	11.317169
4600	11.317169
4601	8.1610076
4602	11.003259
4603	11.003259
4604	11.003259
4605	5.8982463
4606	5.8982463
4607	7.6026123
4608	7.6026123
4609	1.7505997
4610	4.4247768
4611	9.5719354
4612	10.130565
4613	10.130565
4614	11.246111
4615	9.6857253
4616	9.6857253
4617	4.5545566
4618	4.5545566
4619	5.2639424
4620	6.3729139
4621	4.6189565
4622	8.4635504
4623	8.4635504
4624	8.4635504
4625	8.4635504
4626	11.582927
4627	11.582927
4628	11.582927
4629	10.338797
4630	7.0822715
4631	8.4174973
4632	9.9739542
4633	11.747138
4634	11.747138
4635	11.747138
4636	11.747138
4637	11.747138
4638	11.747138
4639	11.747138
4640	11.747138
4641	10.138762
4642	10.138762
4643	10.138762
4644	10.138762
4645	11.293038
4646	11.293038
4647	11.293038
4648	11.293038
4649	11.293038
4650	11.293038
4651	9.2310702
4652	11.963449
4653	9.8994793
4654	9.8994793
4655	8.8736444
4656	4.5527998
4657	4.4897861
4658	10.359
4659	11.580438
4660	11.818982
4661	11.425744
4662	11.425744
4663	11.438108
4664	11.438108
4665	11.438108
4666	11.438108
4667	11.026358
4668	11.19487
4669	8.8751375
4670	8.8751375
4671	8.8751375
4672	8.8751375
4673	8.8751375
4674	8.8751375
4675	8.1666386
4676	8.1666386
4677	8.1666386
4678	8.1666386
4679	11.420278
4680	11.420278
4681	11.420278
4682	11.434377
4683	11.434377
4684	11.434377
4685	9.5763137
4686	9.5763137
4687	10.239801
4688	10.664433
4689	10.664433
4690	10.664433
4691	10.664433
4692	10.403728
4693	10.403728
4694	11.976444
4695	11.958503
4696	11.958503
4697	9.9672327
4698	9.9672327
4699	11.358886
4700	11.358886
4701	11.565522
4702	11.565522
4703	11.565522
4704	11.565522
4705	9.7552247
4706	10.220019
4707	10.220019
4708	10.220019
4709	10.465642
4710	10.465642
4711	10.62446
4712	10.62446
4713	10.62446
4714	10.454075
4715	10.454075
4716	9.4732424
4717	9.4732424
4718	9.4732424
4719	9.1404496
4720	8.9822415
4721	8.9822415
4722	9.2233385
4723	9.2233385
4724	11.564938
4725	11.564938
4726	11.564938
4727	11.564938
4728	11.564938
4729	11.564938
4730	10.657173
4731	11.861189
4732	11.011854
4733	11.665851
4734	11.665851
4735	11.665851
4736	11.319834
4737	11.319834
4738	11.9644
4739	11.9644
4740	11.902612
4741	11.902612
4742	11.902612
4743	11.402067
4744	10.530549
4745	10.530549
4746	10.530549
4747	10.530549
4748	10.530549
4749	10.530549
4750	9.463872
4751	9.463872
4752	11.942004
4753	11.942004
4754	10.246331
4755	10.246331
4756	10.246331
4757	10.187869
4758	9.9012188
4759	9.784991
4760	5.4507474
4761	11.302364
4762	11.302364
4763	11.302364
4764	11.302364
4765	11.062889
4766	11.062889
4767	11.062889
4768	11.693043
4769	11.693043
4770	11.714897
4771	10.717144
4772	10.717144
4773	10.717144
4774	10.717144
4775	10.717144
4776	10.717144
4777	8.7262655
4778	9.2822961
4779	9.2822961
4780	11.068259
4781	11.3681
4782	11.3681
4783	11.3681
4784	11.3681
4785	11.3681
4786	11.3681
4787	11.559992
4788	10.53744
4789	11.901861
4790	10.568298
4791	10.950744
4792	10.950744
4793	11.060683
4794	11.719102
4795	8.8748535
4796	11.242256
4797	11.242256
4798	9.5748801
4799	9.5748801
4800	11.794471
4801	11.794471
4802	11.794471
4803	11.794471
4804	11.794471
4805	10.283747
4806	10.88645
4807	11.416002
4808	11.416002
4809	7.7031503
4810	7.7031503
4811	7.7031503
4812	7.7031503
4813	10.73061
4814	11.281519
4815	11.281519
4816	11.281519
4817	11.281519
4818	11.08798
4819	10.544874
4820	10.544874
4821	11.133186
4822	11.133186
4823	11.483206
4824	11.483206
4825	11.251959
4826	11.487066
4827	11.487066
4828	10.404271
4829	11.819667
4830	11.819667
4831	11.819667
4832	11.819667
4833	10.290592
4834	10.290592
4835	10.475725
4836	7.7579818
4837	7.7579818
4838	7.7579818
4839	7.7579818
4840	7.7579818
4841	8.922078
4842	10.061195
4843	10.061195
4844	6.0199931
4845	6.0199931
4846	7.1211508
4847	7.1211508
4848	6.7330252
4849	8.0325426
4850	8.0325426
4851	7.6882448
4852	6.9985488
4853	6.7024633
4854	8.4973192
4855	11.483243
4856	11.483243
4857	11.483243
4858	11.483243
4859	11.835927
4860	11.786876
4861	10.782458
4862	10.782458
4863	10.782458
4864	10.782458
4865	11.318837
4866	11.626843
4867	11.626843
4868	11.626843
4869	11.626843
4870	11.352404
4871	11.839458
4872	11.839458
4873	11.839458
4874	11.839458
4875	11.839458
4876	11.839458
4877	11.689192
4878	9.420296
4879	9.420296
4880	11.25809
4881	8.3833768
4882	11.67879
4883	11.152785
4884	10.814503
4885	11.822556
4886	11.405153
4887	11.405153
4888	11.405153
4889	11.405153
4890	11.405153
4891	8.4988471
4892	8.2068798
4893	10.38454
4894	10.38454
4895	11.656992
4896	11.363086
4897	10.569948
4898	10.489093
4899	10.489093
4900	10.489093
4901	9.8552785
4902	11.975273
4903	11.975273
4904	11.975273
4905	11.975273
4906	11.975273
4907	10.005102
4908	10.005102
4909	10.005102
4910	5.041711
4911	5.4676503
4912	5.4676503
4913	6.2204157
4914	6.127225
4915	8.508976
4916	7.1957195
4917	4.5414832
4918	9.1559484
4919	11.309437
4920	11.309437
4921	11.309437
4922	11.626492
4923	11.626492
4924	11.836912
4925	11.469244
4926	11.469244
4927	10.172738
4928	10.172738
4929	10.172738
4930	4.5292686
4931	4.5292686
4932	4.5292686
4933	4.5292686
4934	4.5292686
4935	7.6964584
4936	10.7813
4937	11.869743
4938	11.814198
4939	9.310725
4940	10.513019
4941	10.513019
4942	11.342246
4943	11.342246
4944	11.342246
4945	11.558271
4946	11.558271
4947	11.301856
4948	10.838978
4949	10.525559
4950	10.525559
4951	10.525559
4952	9.9955746
4953	4.2202005
4954	4.2202005
4955	7.6189578
4956	7.6189578
4957	6.4466817
4958	6.0801569
4959	6.450483
4960	6.450483
4961	6.450483
4962	6.450483
4963	6.450483
4964	6.450483
4965	11.440114
4966	11.440114
4967	11.440114
4968	11.440114
4969	11.440114
4970	10.54524
4971	8.4545501
4972	8.4545501
4973	8.4545501
4974	8.4545501
4975	8.4545501
4976	3.4189019
4977	4.4171581
4978	10.980929
4979	10.980929
4980	11.587932
4981	11.587932
4982	11.587932
4983	11.587932
4984	11.587932
4985	9.0598057
4986	9.5977484
4987	9.9594609
4988	9.6733299
4989	9.4579378
4990	9.4579378
4991	6.8232853
4992	6.8232853
4993	6.8232853
4994	1.7305522
4995	9.4570611
4996	8.5147758
4997	8.5147758
4998	8.5147758
4999	8.5147758
